0 0.544444 0.853865 0.055556 0.031401
1 0.106944 0.291063 0.036111 0.021739
1 0.177778 0.291063 0.033333 0.021739
1 0.248611 0.291063 0.036111 0.021739
1 0.319444 0.291063 0.033333 0.021739
1 0.391667 0.291063 0.033333 0.021739
1 0.462500 0.291063 0.036111 0.021739
1 0.533333 0.291063 0.033333 0.021739
1 0.604167 0.291063 0.036111 0.021739
1 0.675000 0.291063 0.033333 0.021739
1 0.747222 0.291063 0.033333 0.021739
1 0.818056 0.291063 0.036111 0.021739
1 0.100000 0.355072 0.050000 0.024155
1 0.455556 0.355072 0.050000 0.024155
1 0.534722 0.355072 0.047222 0.024155
1 0.820833 0.355072 0.047222 0.024155
1 0.384722 0.356280 0.047222 0.021739
1 0.606944 0.356280 0.047222 0.021739
1 0.170833 0.357488 0.047222 0.019324
1 0.243056 0.357488 0.047222 0.019324
1 0.312500 0.357488 0.047222 0.019324
1 0.679167 0.357488 0.047222 0.019324
1 0.748611 0.357488 0.047222 0.019324
1 0.100000 0.417874 0.050000 0.024155
1 0.455556 0.417874 0.050000 0.024155
1 0.170833 0.419082 0.047222 0.021739
1 0.243056 0.419082 0.047222 0.021739
1 0.312500 0.419082 0.047222 0.021739
1 0.598611 0.419082 0.047222 0.021739
1 0.668056 0.419082 0.047222 0.021739
1 0.740278 0.419082 0.047222 0.021739
1 0.809722 0.419082 0.047222 0.021739
1 0.098611 0.481884 0.052778 0.031401
1 0.169444 0.481884 0.050000 0.031401
1 0.240278 0.481884 0.052778 0.031401
1 0.311111 0.481884 0.050000 0.031401
1 0.666667 0.481884 0.050000 0.031401
1 0.737500 0.481884 0.052778 0.031401
1 0.808333 0.481884 0.050000 0.031401
1 0.098611 0.543478 0.052778 0.028986
1 0.311111 0.543478 0.050000 0.028986
1 0.666667 0.543478 0.050000 0.028986
1 0.737500 0.543478 0.052778 0.028986
1 0.808333 0.543478 0.050000 0.028986
2 0.668056 0.643720 0.013889 0.026570
3 0.190278 0.775362 0.097222 0.062802
3 0.390278 0.775362 0.097222 0.062802
3 0.600000 0.771739 0.077778 0.055556
3 0.790278 0.775362 0.097222 0.062802
