0 0.512500 0.853865 0.058333 0.031401
1 0.205556 0.259662 0.033333 0.021739
1 0.275000 0.259662 0.033333 0.021739
1 0.347222 0.259662 0.033333 0.021739
1 0.418056 0.259662 0.036111 0.021739
1 0.488889 0.259662 0.033333 0.021739
1 0.559722 0.259662 0.036111 0.021739
1 0.630556 0.259662 0.033333 0.021739
1 0.694444 0.259662 0.033333 0.021739
1 0.763889 0.259662 0.033333 0.021739
1 0.836111 0.259662 0.033333 0.021739
1 0.906944 0.259662 0.036111 0.021739
1 0.206944 0.326087 0.047222 0.019324
1 0.279167 0.326087 0.047222 0.019324
1 0.348611 0.327295 0.047222 0.021739
1 0.420833 0.328502 0.047222 0.024155
1 0.490278 0.328502 0.047222 0.024155
1 0.562500 0.327295 0.047222 0.021739
1 0.633333 0.328502 0.050000 0.024155
1 0.704167 0.326087 0.047222 0.019324
1 0.776389 0.327295 0.047222 0.021739
1 0.845833 0.326087 0.047222 0.019324
1 0.918056 0.327295 0.047222 0.021739
1 0.276389 0.386473 0.047222 0.024155
1 0.420833 0.386473 0.047222 0.024155
1 0.490278 0.386473 0.047222 0.024155
1 0.633333 0.386473 0.050000 0.024155
1 0.206944 0.387681 0.047222 0.021739
1 0.348611 0.387681 0.047222 0.021739
1 0.562500 0.387681 0.047222 0.021739
1 0.704167 0.387681 0.047222 0.021739
1 0.776389 0.387681 0.047222 0.021739
1 0.845833 0.387681 0.047222 0.021739
1 0.918056 0.387681 0.047222 0.021739
1 0.204167 0.450483 0.052778 0.031401
1 0.275000 0.450483 0.050000 0.031401
1 0.345833 0.450483 0.052778 0.031401
1 0.418056 0.450483 0.052778 0.031401
1 0.488889 0.450483 0.050000 0.031401
1 0.559722 0.450483 0.052778 0.031401
1 0.631944 0.450483 0.052778 0.031401
1 0.773611 0.450483 0.052778 0.031401
1 0.844444 0.450483 0.050000 0.031401
1 0.915278 0.450483 0.052778 0.031401
1 0.204167 0.512077 0.052778 0.028986
1 0.275000 0.512077 0.050000 0.028986
1 0.418056 0.512077 0.052778 0.028986
1 0.559722 0.512077 0.052778 0.028986
1 0.631944 0.512077 0.052778 0.028986
1 0.773611 0.512077 0.052778 0.028986
1 0.844444 0.512077 0.050000 0.028986
1 0.915278 0.512077 0.052778 0.028986
2 0.695833 0.892512 0.002778 0.026570
3 0.190278 0.775362 0.097222 0.062802
3 0.390278 0.775362 0.097222 0.062802
3 0.590278 0.775362 0.097222 0.062802
3 0.790278 0.775362 0.097222 0.062802
