1 0.141667 0.259662 0.033333 0.021739
1 0.213889 0.259662 0.033333 0.021739
1 0.284722 0.259662 0.036111 0.021739
1 0.355556 0.259662 0.033333 0.021739
1 0.426389 0.259662 0.036111 0.021739
1 0.497222 0.259662 0.033333 0.021739
1 0.569444 0.259662 0.033333 0.021739
1 0.640278 0.259662 0.036111 0.021739
1 0.711111 0.259662 0.033333 0.021739
1 0.781944 0.259662 0.036111 0.021739
1 0.852778 0.259662 0.033333 0.021739
1 0.287500 0.326087 0.047222 0.024155
1 0.429167 0.326087 0.047222 0.024155
1 0.500000 0.326087 0.050000 0.024155
1 0.570833 0.326087 0.047222 0.024155
1 0.643056 0.326087 0.047222 0.024155
1 0.712500 0.326087 0.047222 0.024155
1 0.784722 0.326087 0.047222 0.024155
1 0.144444 0.327295 0.050000 0.021739
1 0.215278 0.327295 0.047222 0.021739
1 0.356944 0.327295 0.047222 0.021739
1 0.855556 0.327295 0.050000 0.021739
1 0.144444 0.387681 0.050000 0.021739
1 0.215278 0.387681 0.047222 0.021739
1 0.287500 0.387681 0.047222 0.021739
1 0.356944 0.387681 0.047222 0.021739
1 0.429167 0.387681 0.047222 0.021739
1 0.500000 0.387681 0.050000 0.021739
1 0.570833 0.387681 0.047222 0.021739
1 0.643056 0.387681 0.047222 0.021739
1 0.712500 0.387681 0.047222 0.021739
1 0.784722 0.387681 0.047222 0.021739
1 0.855556 0.387681 0.050000 0.021739
1 0.151389 0.450483 0.052778 0.031401
1 0.222222 0.450483 0.050000 0.031401
1 0.293056 0.450483 0.052778 0.031401
1 0.365278 0.450483 0.052778 0.031401
1 0.434722 0.450483 0.052778 0.031401
1 0.498611 0.448068 0.052778 0.026570
1 0.568056 0.448068 0.052778 0.026570
1 0.640278 0.448068 0.052778 0.026570
1 0.711111 0.448068 0.050000 0.026570
1 0.781944 0.448068 0.052778 0.026570
1 0.854167 0.448068 0.052778 0.026570
1 0.151389 0.512077 0.052778 0.028986
1 0.222222 0.512077 0.050000 0.028986
1 0.293056 0.512077 0.052778 0.028986
1 0.365278 0.513285 0.052778 0.031401
1 0.434722 0.513285 0.052778 0.031401
1 0.506944 0.513285 0.052778 0.031401
1 0.577778 0.512077 0.050000 0.028986
1 0.648611 0.512077 0.052778 0.028986
1 0.720833 0.513285 0.052778 0.031401
1 0.790278 0.513285 0.052778 0.031401
1 0.862500 0.512077 0.052778 0.028986
3 0.190278 0.776570 0.097222 0.060386
3 0.390278 0.776570 0.097222 0.060386
3 0.590278 0.776570 0.097222 0.060386
3 0.790278 0.776570 0.097222 0.060386
