0 0.108333 0.853865 0.061111 0.031401
1 0.168056 0.326087 0.036111 0.028986
1 0.240278 0.326087 0.036111 0.028986
1 0.311111 0.326087 0.033333 0.028986
1 0.381944 0.326087 0.036111 0.028986
1 0.444444 0.327295 0.033333 0.031401
1 0.515278 0.327295 0.036111 0.031401
1 0.587500 0.326087 0.036111 0.028986
1 0.658333 0.326087 0.033333 0.028986
1 0.729167 0.326087 0.036111 0.028986
1 0.870833 0.326087 0.036111 0.028986
1 0.241667 0.387681 0.050000 0.031401
1 0.313889 0.387681 0.050000 0.031401
1 0.384722 0.386473 0.047222 0.028986
1 0.455556 0.387681 0.050000 0.031401
1 0.526389 0.387681 0.047222 0.031401
1 0.669444 0.387681 0.050000 0.031401
1 0.170833 0.387681 0.047222 0.026570
1 0.881944 0.387681 0.047222 0.026570
1 0.170833 0.450483 0.047222 0.031401
1 0.241667 0.450483 0.050000 0.031401
1 0.313889 0.450483 0.050000 0.031401
1 0.384722 0.450483 0.047222 0.031401
1 0.526389 0.450483 0.047222 0.031401
1 0.669444 0.450483 0.050000 0.031401
1 0.881944 0.450483 0.047222 0.031401
1 0.168056 0.513285 0.052778 0.031401
1 0.240278 0.513285 0.052778 0.031401
1 0.311111 0.513285 0.055556 0.031401
1 0.381944 0.513285 0.052778 0.031401
1 0.879167 0.513285 0.052778 0.031401
1 0.168056 0.574879 0.052778 0.028986
1 0.381944 0.574879 0.052778 0.028986
2 0.170833 0.641304 0.013889 0.021739
2 0.150000 0.763285 0.011111 0.019324
2 0.151389 0.797101 0.019444 0.024155
2 0.162500 0.891304 0.008333 0.028986
3 0.205556 0.776570 0.072222 0.065217
3 0.391667 0.776570 0.100000 0.065217
3 0.601389 0.771739 0.080556 0.055556
3 0.791667 0.776570 0.100000 0.065217
4 0.525000 0.172705 0.072222 0.026570
