0 0.468056 0.853865 0.058333 0.031401
1 0.925000 0.259662 0.033333 0.021739
1 0.204167 0.291063 0.036111 0.021739
1 0.275000 0.291063 0.033333 0.021739
1 0.347222 0.291063 0.033333 0.021739
1 0.418056 0.291063 0.036111 0.021739
1 0.488889 0.291063 0.033333 0.021739
1 0.559722 0.291063 0.036111 0.021739
1 0.630556 0.291063 0.033333 0.021739
1 0.702778 0.291063 0.033333 0.021739
1 0.772222 0.291063 0.033333 0.021739
1 0.844444 0.291063 0.033333 0.021739
1 0.420833 0.355072 0.047222 0.024155
1 0.490278 0.357488 0.047222 0.028986
1 0.562500 0.356280 0.047222 0.021739
1 0.918056 0.356280 0.047222 0.021739
1 0.206944 0.357488 0.047222 0.019324
1 0.277778 0.357488 0.044444 0.019324
1 0.348611 0.358696 0.047222 0.021739
1 0.633333 0.357488 0.050000 0.019324
1 0.704167 0.357488 0.047222 0.019324
1 0.776389 0.357488 0.047222 0.019324
1 0.845833 0.357488 0.047222 0.019324
1 0.490278 0.416667 0.047222 0.026570
1 0.420833 0.417874 0.047222 0.024155
1 0.633333 0.417874 0.050000 0.024155
1 0.206944 0.419082 0.047222 0.021739
1 0.277778 0.419082 0.050000 0.021739
1 0.348611 0.419082 0.047222 0.021739
1 0.562500 0.419082 0.047222 0.021739
1 0.704167 0.419082 0.047222 0.021739
1 0.776389 0.419082 0.047222 0.021739
1 0.845833 0.419082 0.047222 0.021739
1 0.918056 0.419082 0.047222 0.021739
1 0.204167 0.481884 0.052778 0.031401
1 0.275000 0.481884 0.050000 0.031401
1 0.345833 0.481884 0.052778 0.031401
1 0.418056 0.481884 0.052778 0.031401
1 0.559722 0.481884 0.052778 0.031401
1 0.630556 0.481884 0.050000 0.031401
1 0.773611 0.481884 0.052778 0.031401
1 0.844444 0.481884 0.050000 0.031401
1 0.915278 0.481884 0.052778 0.031401
1 0.204167 0.543478 0.052778 0.028986
1 0.275000 0.543478 0.050000 0.028986
1 0.418056 0.543478 0.052778 0.028986
1 0.559722 0.543478 0.052778 0.028986
1 0.631944 0.543478 0.052778 0.028986
1 0.773611 0.543478 0.052778 0.028986
1 0.844444 0.543478 0.050000 0.028986
1 0.915278 0.543478 0.052778 0.028986
2 0.206944 0.594203 0.013889 0.024155
2 0.469444 0.817633 0.005556 0.012077
3 0.190278 0.775362 0.097222 0.062802
3 0.390278 0.775362 0.097222 0.062802
3 0.590278 0.775362 0.097222 0.062802
3 0.790278 0.775362 0.097222 0.062802
