0 0.463889 0.853865 0.061111 0.031401
1 0.212500 0.326087 0.036111 0.028986
1 0.284722 0.326087 0.036111 0.028986
1 0.355556 0.326087 0.033333 0.028986
1 0.426389 0.326087 0.036111 0.028986
1 0.498611 0.327295 0.036111 0.031401
1 0.568056 0.326087 0.036111 0.028986
1 0.640278 0.326087 0.036111 0.028986
1 0.711111 0.326087 0.033333 0.028986
1 0.781944 0.326087 0.036111 0.028986
1 0.915278 0.322464 0.036111 0.021739
1 0.286111 0.387681 0.050000 0.031401
1 0.358333 0.385266 0.050000 0.026570
1 0.429167 0.387681 0.047222 0.031401
1 0.500000 0.386473 0.050000 0.028986
1 0.570833 0.387681 0.047222 0.031401
1 0.713889 0.385266 0.050000 0.026570
1 0.215278 0.388889 0.047222 0.028986
1 0.926389 0.390097 0.047222 0.026570
1 0.215278 0.450483 0.047222 0.031401
1 0.286111 0.450483 0.050000 0.031401
1 0.358333 0.450483 0.050000 0.031401
1 0.429167 0.450483 0.047222 0.031401
1 0.570833 0.450483 0.047222 0.031401
1 0.713889 0.450483 0.050000 0.031401
1 0.926389 0.450483 0.047222 0.031401
1 0.212500 0.513285 0.052778 0.031401
1 0.355556 0.510870 0.055556 0.026570
1 0.426389 0.513285 0.052778 0.031401
1 0.923611 0.513285 0.052778 0.031401
1 0.212500 0.574879 0.052778 0.028986
1 0.426389 0.574879 0.052778 0.028986
2 0.491667 0.672705 0.005556 0.026570
2 0.150000 0.763285 0.011111 0.019324
2 0.151389 0.797101 0.019444 0.024155
3 0.206944 0.776570 0.069444 0.065217
3 0.391667 0.776570 0.100000 0.065217
3 0.601389 0.771739 0.080556 0.055556
3 0.791667 0.776570 0.100000 0.065217
