0 0.109722 0.853865 0.058333 0.031401
1 0.080556 0.385266 0.033333 0.021739
1 0.151389 0.385266 0.036111 0.021739
1 0.222222 0.385266 0.033333 0.021739
1 0.293056 0.385266 0.036111 0.021739
1 0.363889 0.385266 0.033333 0.021739
1 0.436111 0.385266 0.033333 0.021739
1 0.506944 0.385266 0.036111 0.021739
1 0.577778 0.385266 0.033333 0.021739
1 0.648611 0.385266 0.036111 0.021739
1 0.791667 0.385266 0.033333 0.021739
1 0.091667 0.450483 0.050000 0.021739
1 0.162500 0.450483 0.047222 0.021739
1 0.376389 0.450483 0.047222 0.021739
1 0.445833 0.450483 0.047222 0.021739
1 0.588889 0.450483 0.050000 0.021739
1 0.793056 0.450483 0.047222 0.021739
1 0.091667 0.513285 0.050000 0.021739
1 0.162500 0.513285 0.047222 0.021739
1 0.445833 0.513285 0.047222 0.021739
1 0.588889 0.513285 0.050000 0.021739
1 0.801389 0.513285 0.047222 0.021739
1 0.088889 0.573671 0.050000 0.026570
1 0.800000 0.573671 0.050000 0.026570
3 0.390278 0.775362 0.097222 0.062802
3 0.615278 0.771739 0.047222 0.055556
3 0.790278 0.775362 0.097222 0.062802
3 0.205556 0.777778 0.066667 0.057971
