0 0.109722 0.853865 0.058333 0.031401
1 0.080556 0.353865 0.033333 0.021739
1 0.151389 0.353865 0.036111 0.021739
1 0.222222 0.353865 0.033333 0.021739
1 0.293056 0.353865 0.036111 0.021739
1 0.363889 0.353865 0.033333 0.021739
1 0.436111 0.353865 0.033333 0.021739
1 0.515278 0.353865 0.036111 0.021739
1 0.587500 0.353865 0.036111 0.021739
1 0.658333 0.353865 0.033333 0.021739
1 0.800000 0.353865 0.033333 0.021739
1 0.081944 0.419082 0.047222 0.021739
1 0.154167 0.419082 0.047222 0.021739
1 0.366667 0.419082 0.050000 0.021739
1 0.437500 0.419082 0.047222 0.021739
1 0.579167 0.419082 0.047222 0.021739
1 0.793056 0.419082 0.047222 0.021739
1 0.081944 0.481884 0.047222 0.021739
1 0.154167 0.481884 0.047222 0.021739
1 0.437500 0.481884 0.047222 0.021739
1 0.580556 0.481884 0.050000 0.021739
1 0.793056 0.481884 0.047222 0.021739
1 0.079167 0.543478 0.052778 0.028986
1 0.790278 0.543478 0.052778 0.028986
1 0.079167 0.606280 0.052778 0.028986
2 0.109722 0.707729 0.002778 0.014493
3 0.390278 0.775362 0.097222 0.062802
3 0.615278 0.771739 0.047222 0.055556
3 0.790278 0.775362 0.097222 0.062802
3 0.205556 0.777778 0.066667 0.057971
