0 0.322222 0.853865 0.061111 0.031401
1 0.177778 0.357488 0.033333 0.028986
1 0.248611 0.357488 0.036111 0.028986
1 0.320833 0.357488 0.036111 0.028986
1 0.390278 0.357488 0.036111 0.028986
1 0.462500 0.357488 0.036111 0.028986
1 0.533333 0.357488 0.033333 0.028986
1 0.612500 0.357488 0.036111 0.028986
1 0.684722 0.357488 0.036111 0.028986
1 0.755556 0.357488 0.033333 0.028986
1 0.898611 0.357488 0.036111 0.028986
1 0.180556 0.416667 0.050000 0.026570
1 0.251389 0.416667 0.047222 0.026570
1 0.322222 0.416667 0.050000 0.026570
1 0.393056 0.419082 0.047222 0.031401
1 0.463889 0.416667 0.050000 0.026570
1 0.536111 0.416667 0.050000 0.026570
1 0.677778 0.416667 0.050000 0.026570
1 0.891667 0.416667 0.050000 0.026570
1 0.536111 0.481884 0.050000 0.031401
1 0.180556 0.484300 0.050000 0.026570
1 0.251389 0.484300 0.047222 0.026570
1 0.322222 0.484300 0.050000 0.026570
1 0.393056 0.484300 0.047222 0.026570
1 0.677778 0.484300 0.050000 0.026570
1 0.891667 0.484300 0.050000 0.026570
1 0.179167 0.544686 0.052778 0.031401
1 0.320833 0.543478 0.052778 0.028986
1 0.390278 0.544686 0.052778 0.031401
1 0.888889 0.543478 0.055556 0.028986
1 0.179167 0.603865 0.052778 0.028986
1 0.390278 0.605072 0.052778 0.031401
2 0.259722 0.750000 0.013889 0.026570
2 0.150000 0.763285 0.011111 0.019324
2 0.151389 0.797101 0.019444 0.024155
3 0.206944 0.776570 0.069444 0.065217
3 0.391667 0.776570 0.100000 0.065217
3 0.601389 0.771739 0.080556 0.055556
3 0.791667 0.776570 0.100000 0.065217
4 0.291667 0.148551 0.038889 0.031401
