1 0.088889 0.385266 0.033333 0.021739
1 0.159722 0.385266 0.036111 0.021739
1 0.230556 0.385266 0.033333 0.021739
1 0.302778 0.385266 0.033333 0.021739
1 0.373611 0.385266 0.036111 0.021739
1 0.444444 0.385266 0.033333 0.021739
1 0.515278 0.385266 0.036111 0.021739
1 0.587500 0.385266 0.036111 0.021739
1 0.658333 0.385266 0.033333 0.021739
1 0.800000 0.385266 0.033333 0.021739
1 0.091667 0.450483 0.050000 0.021739
1 0.162500 0.450483 0.047222 0.021739
1 0.376389 0.450483 0.047222 0.021739
1 0.445833 0.450483 0.047222 0.021739
1 0.588889 0.450483 0.050000 0.021739
1 0.801389 0.450483 0.047222 0.021739
1 0.091667 0.513285 0.050000 0.021739
1 0.162500 0.513285 0.047222 0.021739
1 0.445833 0.513285 0.047222 0.021739
1 0.588889 0.513285 0.050000 0.021739
1 0.801389 0.513285 0.047222 0.021739
1 0.809722 0.574879 0.052778 0.028986
3 0.390278 0.775362 0.097222 0.062802
3 0.615278 0.771739 0.047222 0.055556
3 0.790278 0.775362 0.097222 0.062802
3 0.205556 0.777778 0.066667 0.057971