0 0.518056 0.853865 0.058333 0.031401
1 0.097222 0.291063 0.033333 0.021739
1 0.169444 0.291063 0.033333 0.021739
1 0.238889 0.291063 0.033333 0.021739
1 0.311111 0.291063 0.033333 0.021739
1 0.381944 0.291063 0.036111 0.021739
1 0.452778 0.291063 0.033333 0.021739
1 0.525000 0.291063 0.033333 0.021739
1 0.595833 0.291063 0.036111 0.021739
1 0.666667 0.291063 0.033333 0.021739
1 0.738889 0.291063 0.033333 0.021739
1 0.808333 0.291063 0.033333 0.021739
1 0.090278 0.355072 0.047222 0.024155
1 0.455556 0.355072 0.050000 0.024155
1 0.304167 0.356280 0.047222 0.021739
1 0.376389 0.356280 0.047222 0.021739
1 0.598611 0.356280 0.047222 0.021739
1 0.668056 0.356280 0.047222 0.021739
1 0.162500 0.357488 0.047222 0.019324
1 0.231944 0.357488 0.047222 0.019324
1 0.740278 0.357488 0.047222 0.019324
1 0.809722 0.357488 0.047222 0.019324
1 0.090278 0.417874 0.047222 0.024155
1 0.445833 0.417874 0.047222 0.024155
1 0.588889 0.417874 0.050000 0.024155
1 0.162500 0.419082 0.047222 0.021739
1 0.234722 0.419082 0.047222 0.021739
1 0.304167 0.419082 0.047222 0.021739
1 0.659722 0.419082 0.047222 0.021739
1 0.731944 0.419082 0.047222 0.021739
1 0.801389 0.419082 0.047222 0.021739
1 0.088889 0.479469 0.050000 0.026570
1 0.159722 0.479469 0.052778 0.026570
1 0.230556 0.479469 0.050000 0.026570
1 0.302778 0.479469 0.050000 0.026570
1 0.656944 0.479469 0.052778 0.026570
1 0.729167 0.479469 0.052778 0.026570
1 0.800000 0.479469 0.050000 0.026570
1 0.088889 0.542271 0.050000 0.026570
1 0.301389 0.542271 0.052778 0.026570
1 0.656944 0.542271 0.052778 0.026570
1 0.729167 0.542271 0.052778 0.026570
1 0.800000 0.542271 0.050000 0.026570
3 0.190278 0.775362 0.097222 0.062802
3 0.390278 0.775362 0.097222 0.062802
3 0.600000 0.771739 0.077778 0.055556
3 0.790278 0.775362 0.097222 0.062802