0 0.495833 0.853865 0.058333 0.031401
1 0.205556 0.259662 0.033333 0.021739
1 0.275000 0.259662 0.033333 0.021739
1 0.347222 0.259662 0.033333 0.021739
1 0.418056 0.259662 0.036111 0.021739
1 0.488889 0.259662 0.033333 0.021739
1 0.559722 0.259662 0.036111 0.021739
1 0.630556 0.259662 0.033333 0.021739
1 0.702778 0.259662 0.033333 0.021739
1 0.772222 0.259662 0.033333 0.021739
1 0.844444 0.259662 0.033333 0.021739
1 0.915278 0.259662 0.036111 0.021739
1 0.926389 0.327295 0.047222 0.026570
1 0.215278 0.326087 0.047222 0.019324
1 0.287500 0.326087 0.047222 0.019324
1 0.356944 0.326087 0.047222 0.019324
1 0.429167 0.327295 0.047222 0.021739
1 0.500000 0.327295 0.050000 0.021739
1 0.570833 0.328502 0.047222 0.024155
1 0.643056 0.326087 0.047222 0.019324
1 0.712500 0.326087 0.047222 0.019324
1 0.784722 0.327295 0.047222 0.021739
1 0.855556 0.326087 0.050000 0.019324
1 0.500000 0.386473 0.050000 0.024155
1 0.854167 0.386473 0.047222 0.024155
1 0.215278 0.387681 0.047222 0.021739
1 0.287500 0.387681 0.047222 0.021739
1 0.356944 0.387681 0.047222 0.021739
1 0.429167 0.387681 0.047222 0.021739
1 0.570833 0.387681 0.047222 0.021739
1 0.643056 0.387681 0.047222 0.021739
1 0.712500 0.387681 0.047222 0.021739
1 0.784722 0.387681 0.047222 0.021739
1 0.926389 0.387681 0.047222 0.021739
1 0.212500 0.448068 0.052778 0.026570
1 0.284722 0.448068 0.052778 0.026570
1 0.355556 0.448068 0.050000 0.026570
1 0.426389 0.448068 0.052778 0.026570
1 0.568056 0.448068 0.052778 0.026570
1 0.640278 0.448068 0.052778 0.026570
1 0.781944 0.448068 0.052778 0.026570
1 0.852778 0.448068 0.050000 0.026570
1 0.923611 0.448068 0.052778 0.026570
1 0.213889 0.510870 0.050000 0.026570
1 0.284722 0.510870 0.052778 0.026570
1 0.426389 0.512077 0.052778 0.028986
1 0.568056 0.510870 0.052778 0.026570
1 0.640278 0.512077 0.052778 0.028986
1 0.781944 0.510870 0.052778 0.026570
1 0.854167 0.510870 0.052778 0.026570
1 0.923611 0.510870 0.052778 0.026570
3 0.190278 0.775362 0.097222 0.062802
3 0.390278 0.775362 0.097222 0.062802
3 0.594444 0.775362 0.105556 0.062802
3 0.790278 0.775362 0.097222 0.062802