0 0.322222 0.853865 0.061111 0.031401
1 0.168056 0.357488 0.036111 0.028986
1 0.240278 0.357488 0.036111 0.028986
1 0.311111 0.357488 0.033333 0.028986
1 0.381944 0.357488 0.036111 0.028986
1 0.454167 0.357488 0.036111 0.028986
1 0.523611 0.357488 0.036111 0.028986
1 0.595833 0.357488 0.036111 0.028986
1 0.666667 0.357488 0.033333 0.028986
1 0.737500 0.357488 0.036111 0.028986
1 0.879167 0.357488 0.036111 0.028986
1 0.170833 0.416667 0.047222 0.026570
1 0.241667 0.416667 0.050000 0.026570
1 0.313889 0.416667 0.050000 0.026570
1 0.384722 0.416667 0.047222 0.026570
1 0.455556 0.416667 0.050000 0.026570
1 0.526389 0.416667 0.047222 0.026570
1 0.669444 0.416667 0.050000 0.026570
1 0.881944 0.419082 0.047222 0.021739
1 0.162500 0.484300 0.047222 0.026570
1 0.233333 0.484300 0.050000 0.026570
1 0.304167 0.484300 0.047222 0.026570
1 0.384722 0.484300 0.047222 0.026570
1 0.526389 0.484300 0.047222 0.026570
1 0.669444 0.484300 0.050000 0.026570
1 0.881944 0.484300 0.047222 0.026570
1 0.159722 0.543478 0.052778 0.028986
1 0.305556 0.543478 0.033333 0.028986
1 0.373611 0.543478 0.052778 0.028986
1 0.870833 0.544686 0.052778 0.031401
1 0.159722 0.605072 0.052778 0.031401
1 0.373611 0.605072 0.052778 0.031401
2 0.283333 0.544686 0.016667 0.026570
2 0.748611 0.671498 0.013889 0.024155
2 0.150000 0.763285 0.011111 0.019324
2 0.151389 0.797101 0.019444 0.024155
3 0.206944 0.776570 0.069444 0.065217
3 0.391667 0.776570 0.100000 0.065217
3 0.601389 0.771739 0.080556 0.055556
3 0.791667 0.776570 0.100000 0.065217