0 0.651389 0.853865 0.058333 0.031401
1 0.858333 0.353865 0.033333 0.021739
1 0.786111 0.353865 0.033333 0.021739
1 0.715278 0.353865 0.036111 0.021739
1 0.644444 0.353865 0.033333 0.021739
1 0.573611 0.353865 0.036111 0.021739
1 0.502778 0.353865 0.033333 0.021739
1 0.430556 0.353865 0.033333 0.021739
1 0.359722 0.353865 0.036111 0.021739
1 0.288889 0.353865 0.033333 0.021739
1 0.147222 0.353865 0.033333 0.021739
1 0.855556 0.419082 0.050000 0.021739
1 0.784722 0.419082 0.047222 0.021739
1 0.643056 0.419082 0.047222 0.021739
1 0.570833 0.419082 0.047222 0.021739
1 0.500000 0.419082 0.050000 0.021739
1 0.356944 0.419082 0.047222 0.021739
1 0.144444 0.419082 0.050000 0.021739
1 0.863889 0.481884 0.050000 0.021739
1 0.784722 0.481884 0.047222 0.021739
1 0.643056 0.481884 0.047222 0.021739
1 0.500000 0.481884 0.050000 0.021739
1 0.356944 0.481884 0.047222 0.021739
1 0.144444 0.481884 0.050000 0.021739
1 0.865278 0.543478 0.052778 0.028986
1 0.654167 0.543478 0.052778 0.028986
1 0.155556 0.543478 0.050000 0.028986
1 0.866667 0.606280 0.050000 0.028986
1 0.654167 0.606280 0.052778 0.028986
2 0.783333 0.609903 0.011111 0.021739
3 0.794444 0.775362 0.066667 0.062802
3 0.609722 0.776570 0.097222 0.065217
3 0.400000 0.771739 0.077778 0.055556
3 0.209722 0.776570 0.097222 0.065217