0 0.481944 0.853865 0.058333 0.031401
1 0.838889 0.291063 0.033333 0.021739
1 0.769444 0.291063 0.033333 0.021739
1 0.697222 0.291063 0.033333 0.021739
1 0.626389 0.291063 0.036111 0.021739
1 0.555556 0.291063 0.033333 0.021739
1 0.484722 0.291063 0.036111 0.021739
1 0.413889 0.291063 0.033333 0.021739
1 0.341667 0.291063 0.033333 0.021739
1 0.270833 0.291063 0.036111 0.021739
1 0.200000 0.291063 0.033333 0.021739
1 0.129167 0.291063 0.036111 0.021739
1 0.623611 0.355072 0.047222 0.024155
1 0.837500 0.356280 0.047222 0.021739
1 0.554167 0.356280 0.047222 0.021739
1 0.481944 0.356280 0.047222 0.021739
1 0.268056 0.356280 0.047222 0.021739
1 0.126389 0.356280 0.047222 0.021739
1 0.768056 0.357488 0.047222 0.019324
1 0.695833 0.357488 0.047222 0.019324
1 0.411111 0.357488 0.050000 0.019324
1 0.340278 0.357488 0.047222 0.019324
1 0.198611 0.357488 0.047222 0.019324
1 0.623611 0.417874 0.047222 0.024155
1 0.411111 0.417874 0.050000 0.024155
1 0.837500 0.419082 0.047222 0.021739
1 0.766667 0.419082 0.050000 0.021739
1 0.695833 0.419082 0.047222 0.021739
1 0.481944 0.419082 0.047222 0.021739
1 0.340278 0.419082 0.047222 0.021739
1 0.268056 0.419082 0.047222 0.021739
1 0.198611 0.419082 0.047222 0.021739
1 0.126389 0.419082 0.047222 0.021739
1 0.848611 0.481884 0.052778 0.031401
1 0.769444 0.479469 0.050000 0.026570
1 0.698611 0.479469 0.052778 0.026570
1 0.626389 0.479469 0.052778 0.026570
1 0.484722 0.479469 0.052778 0.026570
1 0.412500 0.479469 0.052778 0.026570
1 0.270833 0.479469 0.052778 0.026570
1 0.200000 0.479469 0.050000 0.026570
1 0.129167 0.479469 0.052778 0.026570
1 0.848611 0.543478 0.052778 0.028986
1 0.636111 0.543478 0.050000 0.028986
1 0.422222 0.543478 0.050000 0.028986
1 0.280556 0.543478 0.050000 0.028986
1 0.208333 0.543478 0.050000 0.028986
1 0.137500 0.543478 0.052778 0.028986
2 0.481944 0.816425 0.002778 0.014493
3 0.809722 0.770531 0.097222 0.072464
3 0.609722 0.775362 0.097222 0.062802
3 0.409722 0.771739 0.097222 0.055556
3 0.209722 0.775362 0.097222 0.062802