0 0.463889 0.853865 0.061111 0.031401
1 0.858333 0.291063 0.033333 0.021739
1 0.786111 0.291063 0.033333 0.021739
1 0.715278 0.291063 0.036111 0.021739
1 0.644444 0.291063 0.033333 0.021739
1 0.573611 0.291063 0.036111 0.021739
1 0.502778 0.291063 0.033333 0.021739
1 0.430556 0.291063 0.033333 0.021739
1 0.359722 0.291063 0.036111 0.021739
1 0.288889 0.291063 0.033333 0.021739
1 0.216667 0.291063 0.033333 0.021739
1 0.147222 0.291063 0.033333 0.021739
1 0.500000 0.355072 0.050000 0.024155
1 0.784722 0.356280 0.047222 0.021739
1 0.570833 0.356280 0.047222 0.021739
1 0.429167 0.356280 0.047222 0.021739
1 0.356944 0.356280 0.047222 0.021739
1 0.855556 0.357488 0.050000 0.019324
1 0.712500 0.357488 0.047222 0.019324
1 0.643056 0.357488 0.047222 0.019324
1 0.287500 0.357488 0.047222 0.019324
1 0.215278 0.357488 0.047222 0.019324
1 0.144444 0.357488 0.050000 0.019324
1 0.500000 0.417874 0.050000 0.024155
1 0.865278 0.419082 0.047222 0.021739
1 0.793056 0.419082 0.047222 0.021739
1 0.722222 0.419082 0.044444 0.021739
1 0.651389 0.419082 0.047222 0.021739
1 0.429167 0.419082 0.047222 0.021739
1 0.356944 0.419082 0.047222 0.021739
1 0.287500 0.419082 0.047222 0.021739
1 0.215278 0.419082 0.047222 0.021739
1 0.144444 0.419082 0.050000 0.021739
1 0.866667 0.481884 0.050000 0.031401
1 0.795833 0.481884 0.052778 0.031401
1 0.725000 0.481884 0.050000 0.031401
1 0.654167 0.481884 0.052778 0.031401
1 0.440278 0.481884 0.052778 0.031401
1 0.297222 0.481884 0.050000 0.031401
1 0.226389 0.480676 0.052778 0.028986
1 0.155556 0.481884 0.050000 0.031401
1 0.866667 0.543478 0.050000 0.028986
1 0.654167 0.543478 0.052778 0.028986
1 0.440278 0.543478 0.052778 0.028986
1 0.297222 0.543478 0.050000 0.028986
1 0.226389 0.543478 0.052778 0.028986
1 0.155556 0.543478 0.050000 0.028986
2 0.855556 0.733092 0.011111 0.021739
3 0.809722 0.775362 0.097222 0.062802
3 0.609722 0.775362 0.097222 0.062802
3 0.409722 0.771739 0.097222 0.055556
3 0.209722 0.775362 0.097222 0.062802