0 0.891667 0.853865 0.061111 0.031401
1 0.831944 0.326087 0.036111 0.028986
1 0.759722 0.326087 0.036111 0.028986
1 0.688889 0.326087 0.033333 0.028986
1 0.618056 0.326087 0.036111 0.028986
1 0.555556 0.327295 0.033333 0.031401
1 0.484722 0.327295 0.036111 0.031401
1 0.412500 0.326087 0.036111 0.028986
1 0.341667 0.326087 0.033333 0.028986
1 0.270833 0.326087 0.036111 0.028986
1 0.129167 0.326087 0.036111 0.028986
1 0.758333 0.387681 0.050000 0.031401
1 0.686111 0.387681 0.050000 0.031401
1 0.615278 0.386473 0.047222 0.028986
1 0.544444 0.387681 0.050000 0.031401
1 0.473611 0.387681 0.047222 0.031401
1 0.330556 0.387681 0.050000 0.031401
1 0.829167 0.387681 0.047222 0.026570
1 0.118056 0.387681 0.047222 0.026570
1 0.829167 0.450483 0.047222 0.031401
1 0.758333 0.450483 0.050000 0.031401
1 0.686111 0.450483 0.050000 0.031401
1 0.615278 0.450483 0.047222 0.031401
1 0.473611 0.450483 0.047222 0.031401
1 0.330556 0.450483 0.050000 0.031401
1 0.118056 0.450483 0.047222 0.031401
1 0.831944 0.513285 0.052778 0.031401
1 0.759722 0.513285 0.052778 0.031401
1 0.688889 0.513285 0.055556 0.031401
1 0.618056 0.513285 0.052778 0.031401
1 0.120833 0.513285 0.052778 0.031401
1 0.831944 0.574879 0.052778 0.028986
1 0.618056 0.574879 0.052778 0.028986
2 0.829167 0.641304 0.013889 0.021739
2 0.850000 0.763285 0.011111 0.019324
2 0.848611 0.797101 0.019444 0.024155
2 0.837500 0.891304 0.008333 0.028986
3 0.794444 0.776570 0.072222 0.065217
3 0.608333 0.776570 0.100000 0.065217
3 0.398611 0.771739 0.080556 0.055556
3 0.208333 0.776570 0.100000 0.065217
4 0.475000 0.172705 0.072222 0.026570