0 0.531944 0.853865 0.058333 0.031401
1 0.075000 0.259662 0.033333 0.021739
1 0.795833 0.291063 0.036111 0.021739
1 0.725000 0.291063 0.033333 0.021739
1 0.652778 0.291063 0.033333 0.021739
1 0.581944 0.291063 0.036111 0.021739
1 0.511111 0.291063 0.033333 0.021739
1 0.440278 0.291063 0.036111 0.021739
1 0.369444 0.291063 0.033333 0.021739
1 0.297222 0.291063 0.033333 0.021739
1 0.227778 0.291063 0.033333 0.021739
1 0.155556 0.291063 0.033333 0.021739
1 0.579167 0.355072 0.047222 0.024155
1 0.509722 0.357488 0.047222 0.028986
1 0.437500 0.356280 0.047222 0.021739
1 0.081944 0.356280 0.047222 0.021739
1 0.793056 0.357488 0.047222 0.019324
1 0.722222 0.357488 0.044444 0.019324
1 0.651389 0.358696 0.047222 0.021739
1 0.366667 0.357488 0.050000 0.019324
1 0.295833 0.357488 0.047222 0.019324
1 0.223611 0.357488 0.047222 0.019324
1 0.154167 0.357488 0.047222 0.019324
1 0.509722 0.416667 0.047222 0.026570
1 0.579167 0.417874 0.047222 0.024155
1 0.366667 0.417874 0.050000 0.024155
1 0.793056 0.419082 0.047222 0.021739
1 0.722222 0.419082 0.050000 0.021739
1 0.651389 0.419082 0.047222 0.021739
1 0.437500 0.419082 0.047222 0.021739
1 0.295833 0.419082 0.047222 0.021739
1 0.223611 0.419082 0.047222 0.021739
1 0.154167 0.419082 0.047222 0.021739
1 0.081944 0.419082 0.047222 0.021739
1 0.795833 0.481884 0.052778 0.031401
1 0.725000 0.481884 0.050000 0.031401
1 0.654167 0.481884 0.052778 0.031401
1 0.581944 0.481884 0.052778 0.031401
1 0.440278 0.481884 0.052778 0.031401
1 0.369444 0.481884 0.050000 0.031401
1 0.226389 0.481884 0.052778 0.031401
1 0.155556 0.481884 0.050000 0.031401
1 0.084722 0.481884 0.052778 0.031401
1 0.795833 0.543478 0.052778 0.028986
1 0.725000 0.543478 0.050000 0.028986
1 0.581944 0.543478 0.052778 0.028986
1 0.440278 0.543478 0.052778 0.028986
1 0.368056 0.543478 0.052778 0.028986
1 0.226389 0.543478 0.052778 0.028986
1 0.155556 0.543478 0.050000 0.028986
1 0.084722 0.543478 0.052778 0.028986
2 0.793056 0.594203 0.013889 0.024155
2 0.530556 0.817633 0.005556 0.012077
3 0.809722 0.775362 0.097222 0.062802
3 0.609722 0.775362 0.097222 0.062802
3 0.409722 0.775362 0.097222 0.062802
3 0.209722 0.775362 0.097222 0.062802