0 0.109722 0.855072 0.058333 0.028986
1 0.151389 0.259662 0.036111 0.021739
1 0.222222 0.259662 0.033333 0.021739
1 0.293056 0.259662 0.036111 0.021739
1 0.363889 0.259662 0.033333 0.021739
1 0.436111 0.259662 0.033333 0.021739
1 0.506944 0.259662 0.036111 0.021739
1 0.577778 0.259662 0.033333 0.021739
1 0.648611 0.259662 0.036111 0.021739
1 0.719444 0.259662 0.033333 0.021739
1 0.791667 0.259662 0.033333 0.021739
1 0.862500 0.259662 0.036111 0.021739
1 0.154167 0.326087 0.047222 0.024155
1 0.366667 0.326087 0.050000 0.024155
1 0.437500 0.326087 0.047222 0.024155
1 0.509722 0.326087 0.047222 0.024155
1 0.580556 0.326087 0.050000 0.024155
1 0.651389 0.326087 0.047222 0.024155
1 0.865278 0.326087 0.047222 0.024155
1 0.223611 0.327295 0.047222 0.021739
1 0.295833 0.327295 0.047222 0.021739
1 0.722222 0.327295 0.050000 0.021739
1 0.793056 0.327295 0.047222 0.021739
1 0.154167 0.387681 0.047222 0.021739
1 0.223611 0.387681 0.047222 0.021739
1 0.295833 0.387681 0.047222 0.021739
1 0.366667 0.387681 0.050000 0.021739
1 0.437500 0.387681 0.047222 0.021739
1 0.509722 0.387681 0.047222 0.021739
1 0.579167 0.387681 0.047222 0.021739
1 0.651389 0.387681 0.047222 0.021739
1 0.722222 0.387681 0.050000 0.021739
1 0.793056 0.387681 0.047222 0.021739
1 0.865278 0.387681 0.047222 0.021739
1 0.159722 0.448068 0.052778 0.026570
1 0.231944 0.448068 0.052778 0.026570
1 0.301389 0.448068 0.052778 0.026570
1 0.373611 0.448068 0.052778 0.026570
1 0.444444 0.448068 0.050000 0.026570
1 0.515278 0.448068 0.052778 0.026570
1 0.587500 0.448068 0.052778 0.026570
1 0.656944 0.448068 0.052778 0.026570
1 0.729167 0.448068 0.052778 0.026570
1 0.800000 0.448068 0.050000 0.026570
1 0.862500 0.450483 0.052778 0.031401
1 0.159722 0.510870 0.052778 0.026570
1 0.231944 0.510870 0.052778 0.026570
1 0.301389 0.510870 0.052778 0.026570
1 0.373611 0.510870 0.052778 0.026570
1 0.444444 0.510870 0.050000 0.026570
1 0.515278 0.510870 0.052778 0.026570
1 0.587500 0.510870 0.052778 0.026570
1 0.656944 0.510870 0.052778 0.026570
1 0.729167 0.510870 0.052778 0.026570
1 0.800000 0.510870 0.050000 0.026570
1 0.870833 0.510870 0.052778 0.026570
3 0.190278 0.776570 0.097222 0.060386
3 0.390278 0.776570 0.097222 0.060386
3 0.590278 0.776570 0.097222 0.060386
3 0.790278 0.776570 0.097222 0.060386