0 0.291667 0.853865 0.061111 0.031401
1 0.929167 0.326087 0.036111 0.028986
1 0.856944 0.326087 0.036111 0.028986
1 0.787500 0.326087 0.036111 0.028986
1 0.715278 0.326087 0.036111 0.028986
1 0.644444 0.326087 0.033333 0.028986
1 0.573611 0.326087 0.036111 0.028986
1 0.501389 0.327295 0.036111 0.031401
1 0.431944 0.326087 0.036111 0.028986
1 0.359722 0.326087 0.036111 0.028986
1 0.288889 0.326087 0.033333 0.028986
1 0.218056 0.326087 0.036111 0.028986
1 0.926389 0.387681 0.047222 0.031401
1 0.784722 0.387681 0.047222 0.031401
1 0.713889 0.386473 0.050000 0.028986
1 0.643056 0.387681 0.047222 0.031401
1 0.570833 0.387681 0.047222 0.031401
1 0.429167 0.387681 0.047222 0.031401
1 0.356944 0.386473 0.047222 0.028986
1 0.855556 0.386473 0.050000 0.024155
1 0.286111 0.388889 0.050000 0.028986
1 0.215278 0.386473 0.047222 0.024155
1 0.926389 0.450483 0.047222 0.031401
1 0.855556 0.450483 0.050000 0.031401
1 0.784722 0.450483 0.047222 0.031401
1 0.713889 0.450483 0.050000 0.031401
1 0.570833 0.450483 0.047222 0.031401
1 0.429167 0.450483 0.047222 0.031401
1 0.358333 0.450483 0.050000 0.031401
1 0.215278 0.450483 0.047222 0.031401
1 0.920833 0.513285 0.052778 0.031401
1 0.848611 0.513285 0.052778 0.031401
1 0.777778 0.513285 0.055556 0.031401
1 0.706944 0.513285 0.052778 0.031401
1 0.351389 0.513285 0.052778 0.031401
1 0.218056 0.513285 0.052778 0.031401
1 0.920833 0.574879 0.052778 0.028986
1 0.706944 0.574879 0.052778 0.028986
1 0.351389 0.574879 0.052778 0.028986
1 0.209722 0.574879 0.052778 0.028986
2 0.291667 0.737923 0.005556 0.016908
2 0.927778 0.859903 0.011111 0.019324
3 0.808333 0.776570 0.100000 0.065217
3 0.608333 0.776570 0.100000 0.065217
3 0.400000 0.771739 0.083333 0.055556
3 0.208333 0.776570 0.100000 0.065217