0 0.695833 0.853865 0.058333 0.031401
1 0.804167 0.357488 0.036111 0.028986
1 0.733333 0.357488 0.033333 0.028986
1 0.662500 0.357488 0.036111 0.028986
1 0.590278 0.357488 0.036111 0.028986
1 0.520833 0.357488 0.036111 0.028986
1 0.448611 0.357488 0.036111 0.028986
1 0.377778 0.357488 0.033333 0.028986
1 0.306944 0.357488 0.036111 0.028986
1 0.226389 0.357488 0.036111 0.028986
1 0.084722 0.357488 0.036111 0.028986
1 0.802778 0.416667 0.050000 0.026570
1 0.730556 0.416667 0.050000 0.026570
1 0.659722 0.416667 0.047222 0.026570
1 0.588889 0.416667 0.050000 0.026570
1 0.518056 0.416667 0.047222 0.026570
1 0.447222 0.416667 0.050000 0.026570
1 0.304167 0.416667 0.047222 0.026570
1 0.091667 0.416667 0.050000 0.026570
1 0.802778 0.484300 0.050000 0.026570
1 0.730556 0.484300 0.050000 0.026570
1 0.659722 0.484300 0.047222 0.026570
1 0.588889 0.484300 0.050000 0.026570
1 0.447222 0.484300 0.050000 0.026570
1 0.304167 0.484300 0.047222 0.026570
1 0.091667 0.484300 0.050000 0.026570
1 0.804167 0.543478 0.052778 0.028986
1 0.662500 0.544686 0.052778 0.031401
1 0.590278 0.543478 0.052778 0.028986
1 0.093056 0.543478 0.052778 0.028986
1 0.804167 0.605072 0.052778 0.031401
1 0.590278 0.605072 0.052778 0.031401
2 0.588889 0.704106 0.011111 0.021739
2 0.850000 0.763285 0.011111 0.019324
2 0.848611 0.797101 0.019444 0.024155
2 0.073611 0.857488 0.013889 0.024155
3 0.793056 0.776570 0.069444 0.065217
3 0.608333 0.776570 0.100000 0.065217
3 0.398611 0.771739 0.080556 0.055556
3 0.208333 0.776570 0.100000 0.065217