0 0.504167 0.853865 0.058333 0.031401
1 0.794444 0.259662 0.033333 0.021739
1 0.725000 0.259662 0.033333 0.021739
1 0.652778 0.259662 0.033333 0.021739
1 0.581944 0.259662 0.036111 0.021739
1 0.511111 0.259662 0.033333 0.021739
1 0.440278 0.259662 0.036111 0.021739
1 0.369444 0.259662 0.033333 0.021739
1 0.297222 0.259662 0.033333 0.021739
1 0.227778 0.259662 0.033333 0.021739
1 0.155556 0.259662 0.033333 0.021739
1 0.084722 0.259662 0.036111 0.021739
1 0.073611 0.327295 0.047222 0.026570
1 0.784722 0.326087 0.047222 0.019324
1 0.712500 0.326087 0.047222 0.019324
1 0.643056 0.326087 0.047222 0.019324
1 0.570833 0.327295 0.047222 0.021739
1 0.500000 0.327295 0.050000 0.021739
1 0.429167 0.328502 0.047222 0.024155
1 0.356944 0.326087 0.047222 0.019324
1 0.287500 0.326087 0.047222 0.019324
1 0.215278 0.327295 0.047222 0.021739
1 0.144444 0.326087 0.050000 0.019324
1 0.500000 0.386473 0.050000 0.024155
1 0.145833 0.386473 0.047222 0.024155
1 0.784722 0.387681 0.047222 0.021739
1 0.712500 0.387681 0.047222 0.021739
1 0.643056 0.387681 0.047222 0.021739
1 0.570833 0.387681 0.047222 0.021739
1 0.429167 0.387681 0.047222 0.021739
1 0.356944 0.387681 0.047222 0.021739
1 0.287500 0.387681 0.047222 0.021739
1 0.215278 0.387681 0.047222 0.021739
1 0.073611 0.387681 0.047222 0.021739
1 0.787500 0.448068 0.052778 0.026570
1 0.715278 0.448068 0.052778 0.026570
1 0.644444 0.448068 0.050000 0.026570
1 0.573611 0.448068 0.052778 0.026570
1 0.431944 0.448068 0.052778 0.026570
1 0.359722 0.448068 0.052778 0.026570
1 0.218056 0.448068 0.052778 0.026570
1 0.147222 0.448068 0.050000 0.026570
1 0.076389 0.448068 0.052778 0.026570
1 0.786111 0.510870 0.050000 0.026570
1 0.715278 0.510870 0.052778 0.026570
1 0.573611 0.512077 0.052778 0.028986
1 0.431944 0.510870 0.052778 0.026570
1 0.359722 0.512077 0.052778 0.028986
1 0.218056 0.510870 0.052778 0.026570
1 0.145833 0.510870 0.052778 0.026570
1 0.076389 0.510870 0.052778 0.026570
3 0.809722 0.775362 0.097222 0.062802
3 0.609722 0.775362 0.097222 0.062802
3 0.405556 0.775362 0.105556 0.062802
3 0.209722 0.775362 0.097222 0.062802