0 0.681944 0.853865 0.058333 0.031401
1 0.088889 0.326087 0.033333 0.028986
1 0.159722 0.326087 0.036111 0.028986
1 0.231944 0.326087 0.036111 0.028986
1 0.301389 0.326087 0.036111 0.028986
1 0.373611 0.326087 0.036111 0.028986
1 0.444444 0.327295 0.033333 0.031401
1 0.515278 0.326087 0.036111 0.028986
1 0.587500 0.326087 0.036111 0.028986
1 0.656944 0.326087 0.036111 0.028986
1 0.800000 0.326087 0.033333 0.028986
1 0.100000 0.387681 0.050000 0.031401
1 0.375000 0.386473 0.050000 0.028986
1 0.447222 0.387681 0.050000 0.031401
1 0.588889 0.386473 0.050000 0.028986
1 0.659722 0.387681 0.047222 0.031401
1 0.170833 0.387681 0.047222 0.026570
1 0.233333 0.386473 0.050000 0.024155
1 0.304167 0.388889 0.047222 0.028986
1 0.802778 0.386473 0.050000 0.024155
1 0.100000 0.450483 0.050000 0.031401
1 0.170833 0.450483 0.047222 0.031401
1 0.241667 0.450483 0.050000 0.031401
1 0.313889 0.450483 0.050000 0.031401
1 0.455556 0.450483 0.050000 0.031401
1 0.597222 0.450483 0.050000 0.031401
1 0.669444 0.450483 0.050000 0.031401
1 0.811111 0.450483 0.050000 0.031401
1 0.098611 0.513285 0.052778 0.031401
1 0.168056 0.513285 0.052778 0.031401
1 0.240278 0.513285 0.052778 0.031401
1 0.311111 0.513285 0.055556 0.031401
1 0.666667 0.513285 0.055556 0.031401
1 0.809722 0.513285 0.052778 0.031401
1 0.098611 0.574879 0.052778 0.028986
1 0.309722 0.574879 0.052778 0.028986
1 0.668056 0.574879 0.052778 0.028986
1 0.809722 0.574879 0.052778 0.028986
3 0.191667 0.776570 0.100000 0.065217
3 0.391667 0.776570 0.100000 0.065217
3 0.601389 0.771739 0.080556 0.055556
3 0.791667 0.776570 0.100000 0.065217