0 0.286111 0.853865 0.061111 0.031401
1 0.875000 0.326087 0.033333 0.028986
1 0.804167 0.326087 0.036111 0.028986
1 0.733333 0.326087 0.033333 0.028986
1 0.662500 0.326087 0.036111 0.028986
1 0.590278 0.326087 0.036111 0.028986
1 0.520833 0.327295 0.036111 0.031401
1 0.456944 0.326087 0.036111 0.028986
1 0.387500 0.326087 0.036111 0.028986
1 0.315278 0.326087 0.036111 0.028986
1 0.173611 0.326087 0.036111 0.028986
1 0.873611 0.387681 0.047222 0.031401
1 0.802778 0.385266 0.050000 0.026570
1 0.659722 0.387681 0.047222 0.031401
1 0.518056 0.387681 0.047222 0.031401
1 0.375000 0.387681 0.050000 0.031401
1 0.162500 0.387681 0.047222 0.031401
1 0.730556 0.388889 0.050000 0.028986
1 0.588889 0.386473 0.050000 0.024155
1 0.873611 0.450483 0.047222 0.031401
1 0.802778 0.450483 0.050000 0.031401
1 0.730556 0.450483 0.050000 0.031401
1 0.659722 0.450483 0.047222 0.031401
1 0.518056 0.450483 0.047222 0.031401
1 0.375000 0.450483 0.050000 0.031401
1 0.162500 0.450483 0.047222 0.031401
1 0.876389 0.513285 0.052778 0.031401
1 0.804167 0.513285 0.052778 0.031401
1 0.731944 0.513285 0.052778 0.031401
1 0.662500 0.513285 0.052778 0.031401
1 0.165278 0.513285 0.052778 0.031401
1 0.876389 0.574879 0.052778 0.028986
1 0.662500 0.574879 0.052778 0.028986
1 0.165278 0.574879 0.052778 0.028986
2 0.730556 0.655797 0.011111 0.021739
2 0.850000 0.763285 0.011111 0.019324
2 0.848611 0.797101 0.019444 0.024155
3 0.794444 0.776570 0.072222 0.065217
3 0.608333 0.776570 0.100000 0.065217
3 0.398611 0.771739 0.080556 0.055556
3 0.208333 0.776570 0.100000 0.065217