0 0.455556 0.855072 0.055556 0.028986
1 0.830556 0.291063 0.033333 0.021739
1 0.761111 0.291063 0.033333 0.021739
1 0.688889 0.291063 0.033333 0.021739
1 0.618056 0.291063 0.036111 0.021739
1 0.547222 0.291063 0.033333 0.021739
1 0.475000 0.291063 0.033333 0.021739
1 0.404167 0.291063 0.036111 0.021739
1 0.333333 0.291063 0.033333 0.021739
1 0.261111 0.291063 0.033333 0.021739
1 0.191667 0.291063 0.033333 0.021739
1 0.119444 0.291063 0.033333 0.021739
1 0.756944 0.355072 0.047222 0.024155
1 0.544444 0.355072 0.050000 0.024155
1 0.331944 0.355072 0.047222 0.024155
1 0.687500 0.356280 0.047222 0.021739
1 0.615278 0.356280 0.047222 0.021739
1 0.473611 0.357488 0.047222 0.024155
1 0.401389 0.356280 0.047222 0.021739
1 0.118056 0.356280 0.047222 0.021739
1 0.829167 0.357488 0.047222 0.019324
1 0.259722 0.357488 0.047222 0.019324
1 0.188889 0.357488 0.050000 0.019324
1 0.190278 0.417874 0.047222 0.024155
1 0.829167 0.419082 0.047222 0.021739
1 0.756944 0.419082 0.047222 0.021739
1 0.687500 0.419082 0.047222 0.021739
1 0.615278 0.419082 0.047222 0.021739
1 0.473611 0.419082 0.047222 0.021739
1 0.401389 0.419082 0.047222 0.021739
1 0.331944 0.419082 0.047222 0.021739
1 0.259722 0.419082 0.047222 0.021739
1 0.118056 0.419082 0.047222 0.021739
1 0.840278 0.479469 0.052778 0.026570
1 0.769444 0.479469 0.050000 0.026570
1 0.698611 0.479469 0.052778 0.026570
1 0.626389 0.479469 0.052778 0.026570
1 0.476389 0.481884 0.052778 0.031401
1 0.404167 0.481884 0.052778 0.031401
1 0.262500 0.481884 0.052778 0.031401
1 0.191667 0.481884 0.050000 0.031401
1 0.120833 0.481884 0.052778 0.031401
1 0.840278 0.542271 0.052778 0.026570
1 0.626389 0.542271 0.052778 0.026570
1 0.484722 0.543478 0.052778 0.028986
1 0.412500 0.542271 0.052778 0.026570
1 0.270833 0.542271 0.052778 0.026570
1 0.200000 0.542271 0.050000 0.026570
1 0.129167 0.543478 0.052778 0.028986
2 0.829167 0.702899 0.013889 0.024155
3 0.809722 0.775362 0.097222 0.062802
3 0.609722 0.775362 0.097222 0.062802
3 0.409722 0.771739 0.097222 0.055556
3 0.209722 0.775362 0.097222 0.062802