0 0.318056 0.853865 0.058333 0.031401
1 0.893056 0.326087 0.036111 0.028986
1 0.822222 0.326087 0.033333 0.028986
1 0.759722 0.326087 0.036111 0.028986
1 0.688889 0.326087 0.033333 0.028986
1 0.618056 0.326087 0.036111 0.028986
1 0.545833 0.326087 0.036111 0.028986
1 0.476389 0.326087 0.036111 0.028986
1 0.404167 0.326087 0.036111 0.028986
1 0.333333 0.326087 0.033333 0.028986
1 0.191667 0.326087 0.033333 0.028986
1 0.891667 0.387681 0.050000 0.031401
1 0.748611 0.387681 0.047222 0.031401
1 0.606944 0.387681 0.047222 0.031401
1 0.536111 0.386473 0.050000 0.028986
1 0.180556 0.385266 0.050000 0.026570
1 0.819444 0.387681 0.050000 0.026570
1 0.677778 0.386473 0.050000 0.024155
1 0.393056 0.388889 0.047222 0.028986
1 0.322222 0.386473 0.050000 0.024155
1 0.891667 0.450483 0.050000 0.031401
1 0.819444 0.450483 0.050000 0.031401
1 0.748611 0.450483 0.047222 0.031401
1 0.677778 0.450483 0.050000 0.031401
1 0.536111 0.450483 0.050000 0.031401
1 0.393056 0.450483 0.047222 0.031401
1 0.322222 0.450483 0.050000 0.031401
1 0.180556 0.450483 0.050000 0.031401
1 0.893056 0.513285 0.052778 0.031401
1 0.822222 0.510870 0.055556 0.026570
1 0.751389 0.513285 0.052778 0.031401
1 0.679167 0.513285 0.052778 0.031401
1 0.323611 0.513285 0.052778 0.031401
1 0.181944 0.513285 0.052778 0.031401
1 0.893056 0.574879 0.052778 0.028986
1 0.679167 0.574879 0.052778 0.028986
1 0.181944 0.574879 0.052778 0.028986
2 0.536111 0.609903 0.011111 0.021739
2 0.850000 0.763285 0.011111 0.019324
2 0.848611 0.797101 0.019444 0.024155
3 0.794444 0.776570 0.072222 0.065217
3 0.608333 0.776570 0.100000 0.065217
3 0.400000 0.771739 0.083333 0.055556
3 0.208333 0.776570 0.100000 0.065217