0 0.522222 0.855072 0.055556 0.028986
1 0.830556 0.259662 0.033333 0.021739
1 0.759722 0.259662 0.036111 0.021739
1 0.688889 0.259662 0.033333 0.021739
1 0.618056 0.259662 0.036111 0.021739
1 0.547222 0.259662 0.033333 0.021739
1 0.475000 0.259662 0.033333 0.021739
1 0.404167 0.259662 0.036111 0.021739
1 0.333333 0.259662 0.033333 0.021739
1 0.262500 0.259662 0.036111 0.021739
1 0.191667 0.259662 0.033333 0.021739
1 0.119444 0.259662 0.033333 0.021739
1 0.615278 0.326087 0.047222 0.024155
1 0.544444 0.326087 0.050000 0.024155
1 0.473611 0.326087 0.047222 0.024155
1 0.401389 0.326087 0.047222 0.024155
1 0.331944 0.326087 0.047222 0.024155
1 0.259722 0.326087 0.047222 0.024155
1 0.118056 0.326087 0.047222 0.024155
1 0.829167 0.327295 0.047222 0.021739
1 0.756944 0.327295 0.047222 0.021739
1 0.687500 0.327295 0.047222 0.021739
1 0.188889 0.327295 0.050000 0.021739
1 0.829167 0.387681 0.047222 0.021739
1 0.756944 0.387681 0.047222 0.021739
1 0.687500 0.387681 0.047222 0.021739
1 0.615278 0.387681 0.047222 0.021739
1 0.544444 0.387681 0.050000 0.021739
1 0.473611 0.387681 0.047222 0.021739
1 0.401389 0.387681 0.047222 0.021739
1 0.331944 0.387681 0.047222 0.021739
1 0.259722 0.387681 0.047222 0.021739
1 0.188889 0.387681 0.050000 0.021739
1 0.118056 0.387681 0.047222 0.021739
1 0.822222 0.448068 0.050000 0.026570
1 0.751389 0.448068 0.052778 0.026570
1 0.679167 0.448068 0.052778 0.026570
1 0.609722 0.448068 0.052778 0.026570
1 0.537500 0.448068 0.052778 0.026570
1 0.476389 0.450483 0.052778 0.031401
1 0.404167 0.450483 0.052778 0.031401
1 0.333333 0.450483 0.050000 0.031401
1 0.262500 0.450483 0.052778 0.031401
1 0.190278 0.450483 0.052778 0.031401
1 0.120833 0.450483 0.052778 0.031401
1 0.822222 0.510870 0.050000 0.026570
1 0.751389 0.510870 0.052778 0.026570
1 0.609722 0.510870 0.052778 0.026570
1 0.537500 0.510870 0.052778 0.026570
1 0.466667 0.510870 0.050000 0.026570
1 0.395833 0.510870 0.052778 0.026570
1 0.323611 0.510870 0.052778 0.026570
1 0.254167 0.510870 0.052778 0.026570
1 0.181944 0.510870 0.052778 0.026570
1 0.111111 0.510870 0.050000 0.026570
2 0.829167 0.640097 0.013889 0.024155
3 0.809722 0.776570 0.097222 0.060386
3 0.609722 0.776570 0.097222 0.060386
3 0.409722 0.776570 0.097222 0.060386
3 0.209722 0.776570 0.097222 0.060386