1 0.858333 0.259662 0.033333 0.021739
1 0.786111 0.259662 0.033333 0.021739
1 0.715278 0.259662 0.036111 0.021739
1 0.644444 0.259662 0.033333 0.021739
1 0.573611 0.259662 0.036111 0.021739
1 0.502778 0.259662 0.033333 0.021739
1 0.430556 0.259662 0.033333 0.021739
1 0.359722 0.259662 0.036111 0.021739
1 0.288889 0.259662 0.033333 0.021739
1 0.218056 0.259662 0.036111 0.021739
1 0.147222 0.259662 0.033333 0.021739
1 0.712500 0.326087 0.047222 0.024155
1 0.570833 0.326087 0.047222 0.024155
1 0.500000 0.326087 0.050000 0.024155
1 0.429167 0.326087 0.047222 0.024155
1 0.356944 0.326087 0.047222 0.024155
1 0.287500 0.326087 0.047222 0.024155
1 0.215278 0.326087 0.047222 0.024155
1 0.855556 0.327295 0.050000 0.021739
1 0.784722 0.327295 0.047222 0.021739
1 0.643056 0.327295 0.047222 0.021739
1 0.144444 0.327295 0.050000 0.021739
1 0.855556 0.387681 0.050000 0.021739
1 0.784722 0.387681 0.047222 0.021739
1 0.712500 0.387681 0.047222 0.021739
1 0.643056 0.387681 0.047222 0.021739
1 0.570833 0.387681 0.047222 0.021739
1 0.500000 0.387681 0.050000 0.021739
1 0.429167 0.387681 0.047222 0.021739
1 0.356944 0.387681 0.047222 0.021739
1 0.287500 0.387681 0.047222 0.021739
1 0.215278 0.387681 0.047222 0.021739
1 0.144444 0.387681 0.050000 0.021739
1 0.848611 0.450483 0.052778 0.031401
1 0.777778 0.450483 0.050000 0.031401
1 0.706944 0.450483 0.052778 0.031401
1 0.634722 0.450483 0.052778 0.031401
1 0.565278 0.450483 0.052778 0.031401
1 0.501389 0.448068 0.052778 0.026570
1 0.431944 0.448068 0.052778 0.026570
1 0.359722 0.448068 0.052778 0.026570
1 0.288889 0.448068 0.050000 0.026570
1 0.218056 0.448068 0.052778 0.026570
1 0.145833 0.448068 0.052778 0.026570
1 0.848611 0.512077 0.052778 0.028986
1 0.777778 0.512077 0.050000 0.028986
1 0.706944 0.512077 0.052778 0.028986
1 0.634722 0.513285 0.052778 0.031401
1 0.565278 0.513285 0.052778 0.031401
1 0.493056 0.513285 0.052778 0.031401
1 0.422222 0.512077 0.050000 0.028986
1 0.351389 0.512077 0.052778 0.028986
1 0.279167 0.513285 0.052778 0.031401
1 0.209722 0.513285 0.052778 0.031401
1 0.137500 0.512077 0.052778 0.028986
3 0.809722 0.776570 0.097222 0.060386
3 0.609722 0.776570 0.097222 0.060386
3 0.409722 0.776570 0.097222 0.060386
3 0.209722 0.776570 0.097222 0.060386