0 0.712500 0.846618 0.058333 0.045894
1 0.840278 0.259662 0.036111 0.021739
1 0.769444 0.259662 0.033333 0.021739
1 0.697222 0.259662 0.033333 0.021739
1 0.626389 0.259662 0.036111 0.021739
1 0.555556 0.259662 0.033333 0.021739
1 0.484722 0.259662 0.036111 0.021739
1 0.413889 0.259662 0.033333 0.021739
1 0.341667 0.259662 0.033333 0.021739
1 0.270833 0.259662 0.036111 0.021739
1 0.200000 0.259662 0.033333 0.021739
1 0.129167 0.259662 0.036111 0.021739
1 0.837500 0.326087 0.047222 0.024155
1 0.695833 0.326087 0.047222 0.024155
1 0.625000 0.326087 0.050000 0.024155
1 0.554167 0.326087 0.047222 0.024155
1 0.481944 0.326087 0.047222 0.024155
1 0.126389 0.326087 0.047222 0.024155
1 0.766667 0.327295 0.050000 0.021739
1 0.411111 0.327295 0.050000 0.021739
1 0.340278 0.327295 0.047222 0.021739
1 0.268056 0.327295 0.047222 0.021739
1 0.198611 0.327295 0.047222 0.021739
1 0.829167 0.387681 0.047222 0.021739
1 0.756944 0.387681 0.047222 0.021739
1 0.687500 0.387681 0.047222 0.021739
1 0.615278 0.387681 0.047222 0.021739
1 0.554167 0.387681 0.047222 0.021739
1 0.481944 0.387681 0.047222 0.021739
1 0.411111 0.387681 0.050000 0.021739
1 0.340278 0.387681 0.047222 0.021739
1 0.268056 0.387681 0.047222 0.021739
1 0.198611 0.387681 0.047222 0.021739
1 0.126389 0.387681 0.047222 0.021739
1 0.831944 0.450483 0.052778 0.031401
1 0.759722 0.450483 0.052778 0.031401
1 0.688889 0.450483 0.050000 0.031401
1 0.618056 0.450483 0.052778 0.031401
1 0.545833 0.450483 0.052778 0.031401
1 0.476389 0.450483 0.052778 0.031401
1 0.404167 0.450483 0.052778 0.031401
1 0.333333 0.450483 0.050000 0.031401
1 0.262500 0.450483 0.052778 0.031401
1 0.190278 0.450483 0.052778 0.031401
1 0.120833 0.450483 0.052778 0.031401
1 0.831944 0.513285 0.052778 0.031401
1 0.759722 0.512077 0.052778 0.028986
1 0.688889 0.512077 0.050000 0.028986
1 0.618056 0.512077 0.052778 0.028986
1 0.545833 0.513285 0.052778 0.031401
1 0.476389 0.513285 0.052778 0.031401
1 0.404167 0.513285 0.052778 0.031401
1 0.333333 0.513285 0.050000 0.031401
1 0.262500 0.512077 0.052778 0.028986
1 0.190278 0.512077 0.052778 0.028986
1 0.120833 0.513285 0.052778 0.031401
2 0.756944 0.626812 0.013889 0.026570
3 0.809722 0.776570 0.097222 0.060386
3 0.609722 0.776570 0.097222 0.060386
3 0.409722 0.776570 0.097222 0.060386
3 0.209722 0.776570 0.097222 0.060386