0 0.708333 0.853865 0.061111 0.031401
1 0.062500 0.291063 0.036111 0.021739
1 0.133333 0.294686 0.033333 0.028986
1 0.204167 0.291063 0.036111 0.021739
1 0.276389 0.291063 0.036111 0.021739
1 0.345833 0.291063 0.036111 0.021739
1 0.418056 0.291063 0.036111 0.021739
1 0.488889 0.294686 0.033333 0.028986
1 0.559722 0.291063 0.036111 0.021739
1 0.631944 0.291063 0.036111 0.021739
1 0.701389 0.291063 0.036111 0.021739
1 0.773611 0.291063 0.036111 0.021739
1 0.063889 0.357488 0.050000 0.028986
1 0.136111 0.357488 0.050000 0.028986
1 0.206944 0.356280 0.047222 0.026570
1 0.277778 0.357488 0.050000 0.028986
1 0.348611 0.356280 0.047222 0.026570
1 0.419444 0.357488 0.050000 0.028986
1 0.633333 0.357488 0.050000 0.028986
1 0.704167 0.356280 0.047222 0.026570
1 0.775000 0.357488 0.050000 0.028986
1 0.562500 0.357488 0.047222 0.024155
1 0.136111 0.416667 0.050000 0.026570
1 0.206944 0.416667 0.047222 0.026570
1 0.277778 0.416667 0.050000 0.026570
1 0.419444 0.416667 0.050000 0.026570
1 0.562500 0.416667 0.047222 0.026570
1 0.633333 0.416667 0.050000 0.026570
1 0.704167 0.416667 0.047222 0.026570
1 0.775000 0.416667 0.050000 0.026570
1 0.073611 0.450483 0.047222 0.031401
1 0.070833 0.513285 0.052778 0.031401
1 0.143056 0.513285 0.052778 0.031401
1 0.212500 0.513285 0.052778 0.031401
1 0.284722 0.513285 0.052778 0.031401
1 0.640278 0.513285 0.052778 0.031401
1 0.781944 0.513285 0.052778 0.031401
1 0.070833 0.574879 0.052778 0.028986
1 0.284722 0.574879 0.052778 0.028986
1 0.640278 0.574879 0.052778 0.028986
1 0.781944 0.574879 0.052778 0.028986
2 0.720833 0.504831 0.025000 0.028986
3 0.191667 0.776570 0.100000 0.065217
3 0.391667 0.776570 0.100000 0.065217
3 0.600000 0.771739 0.083333 0.055556
3 0.791667 0.776570 0.100000 0.065217