0 0.291667 0.853865 0.061111 0.031401
1 0.920833 0.326087 0.036111 0.028986
1 0.848611 0.326087 0.036111 0.028986
1 0.777778 0.326087 0.033333 0.028986
1 0.706944 0.326087 0.036111 0.028986
1 0.634722 0.326087 0.036111 0.028986
1 0.565278 0.326087 0.036111 0.028986
1 0.493056 0.327295 0.036111 0.031401
1 0.422222 0.326087 0.033333 0.028986
1 0.351389 0.326087 0.036111 0.028986
1 0.280556 0.326087 0.033333 0.028986
1 0.209722 0.326087 0.036111 0.028986
1 0.918056 0.387681 0.047222 0.031401
1 0.847222 0.387681 0.050000 0.031401
1 0.775000 0.387681 0.050000 0.031401
1 0.704167 0.385266 0.047222 0.026570
1 0.633333 0.387681 0.050000 0.031401
1 0.562500 0.386473 0.047222 0.028986
1 0.419444 0.387681 0.050000 0.031401
1 0.206944 0.387681 0.047222 0.026570
1 0.348611 0.388889 0.047222 0.024155
1 0.908333 0.450483 0.050000 0.031401
1 0.837500 0.450483 0.047222 0.031401
1 0.766667 0.450483 0.050000 0.031401
1 0.695833 0.450483 0.047222 0.031401
1 0.562500 0.448068 0.047222 0.026570
1 0.419444 0.450483 0.050000 0.031401
1 0.348611 0.450483 0.047222 0.031401
1 0.206944 0.450483 0.047222 0.031401
1 0.911111 0.513285 0.055556 0.031401
1 0.840278 0.513285 0.052778 0.031401
1 0.768056 0.513285 0.052778 0.031401
1 0.698611 0.513285 0.052778 0.031401
1 0.343056 0.513285 0.052778 0.031401
1 0.200000 0.510870 0.055556 0.026570
1 0.911111 0.574879 0.055556 0.028986
1 0.698611 0.574879 0.052778 0.028986
1 0.343056 0.574879 0.052778 0.028986
1 0.200000 0.574879 0.050000 0.028986
2 0.291667 0.644928 0.005556 0.014493
2 0.419444 0.689614 0.011111 0.026570
3 0.808333 0.776570 0.100000 0.065217
3 0.608333 0.776570 0.100000 0.065217
3 0.398611 0.771739 0.080556 0.055556
3 0.208333 0.776570 0.100000 0.065217