0 0.348611 0.855072 0.058333 0.028986
1 0.822222 0.259662 0.033333 0.021739
1 0.751389 0.259662 0.036111 0.021739
1 0.680556 0.259662 0.033333 0.021739
1 0.608333 0.259662 0.033333 0.021739
1 0.537500 0.259662 0.036111 0.021739
1 0.466667 0.259662 0.033333 0.021739
1 0.395833 0.259662 0.036111 0.021739
1 0.325000 0.259662 0.033333 0.021739
1 0.252778 0.259662 0.033333 0.021739
1 0.181944 0.259662 0.036111 0.021739
1 0.111111 0.259662 0.033333 0.021739
1 0.820833 0.326087 0.047222 0.024155
1 0.606944 0.326087 0.047222 0.024155
1 0.534722 0.326087 0.047222 0.024155
1 0.465278 0.326087 0.047222 0.024155
1 0.393056 0.326087 0.047222 0.024155
1 0.109722 0.326087 0.047222 0.024155
1 0.748611 0.327295 0.047222 0.021739
1 0.677778 0.327295 0.050000 0.021739
1 0.322222 0.327295 0.050000 0.021739
1 0.251389 0.327295 0.047222 0.021739
1 0.179167 0.327295 0.047222 0.021739
1 0.820833 0.387681 0.047222 0.021739
1 0.748611 0.387681 0.047222 0.021739
1 0.677778 0.387681 0.050000 0.021739
1 0.606944 0.387681 0.047222 0.021739
1 0.534722 0.387681 0.047222 0.021739
1 0.465278 0.387681 0.047222 0.021739
1 0.393056 0.387681 0.047222 0.021739
1 0.322222 0.387681 0.050000 0.021739
1 0.251389 0.387681 0.047222 0.021739
1 0.179167 0.387681 0.047222 0.021739
1 0.109722 0.387681 0.047222 0.021739
1 0.822222 0.448068 0.050000 0.026570
1 0.751389 0.448068 0.052778 0.026570
1 0.679167 0.448068 0.052778 0.026570
1 0.609722 0.448068 0.052778 0.026570
1 0.537500 0.448068 0.052778 0.026570
1 0.466667 0.448068 0.050000 0.026570
1 0.395833 0.448068 0.052778 0.026570
1 0.323611 0.448068 0.052778 0.026570
1 0.254167 0.448068 0.052778 0.026570
1 0.181944 0.448068 0.052778 0.026570
1 0.111111 0.448068 0.050000 0.026570
1 0.812500 0.512077 0.052778 0.028986
1 0.743056 0.512077 0.052778 0.028986
1 0.600000 0.513285 0.050000 0.031401
1 0.456944 0.513285 0.052778 0.031401
1 0.387500 0.512077 0.052778 0.028986
1 0.323611 0.510870 0.052778 0.026570
1 0.254167 0.510870 0.052778 0.026570
1 0.181944 0.510870 0.052778 0.026570
1 0.111111 0.510870 0.050000 0.026570
2 0.109722 0.689614 0.013889 0.026570
3 0.809722 0.776570 0.097222 0.060386
3 0.609722 0.776570 0.097222 0.060386
3 0.409722 0.776570 0.097222 0.060386
3 0.209722 0.776570 0.097222 0.060386