1 0.856944 0.510870 0.052778 0.026570
1 0.787500 0.510870 0.052778 0.026570
1 0.715278 0.510870 0.052778 0.026570
1 0.644444 0.510870 0.050000 0.026570
1 0.573611 0.510870 0.052778 0.026570
1 0.501389 0.510870 0.052778 0.026570
1 0.431944 0.510870 0.052778 0.026570
1 0.359722 0.510870 0.052778 0.026570
1 0.288889 0.510870 0.050000 0.026570
1 0.218056 0.510870 0.052778 0.026570
1 0.145833 0.510870 0.052778 0.026570
3 0.809722 0.776570 0.097222 0.060386
3 0.609722 0.776570 0.097222 0.060386
3 0.409722 0.776570 0.097222 0.060386
3 0.209722 0.776570 0.097222 0.060386