0 0.287500 0.853865 0.058333 0.031401
1 0.151389 0.353865 0.036111 0.021739
1 0.222222 0.353865 0.033333 0.021739
1 0.302778 0.353865 0.033333 0.021739
1 0.373611 0.353865 0.036111 0.021739
1 0.444444 0.353865 0.033333 0.021739
1 0.515278 0.353865 0.036111 0.021739
1 0.587500 0.353865 0.036111 0.021739
1 0.658333 0.353865 0.033333 0.021739
1 0.729167 0.353865 0.036111 0.021739
1 0.870833 0.353865 0.036111 0.021739
1 0.154167 0.419082 0.047222 0.021739
1 0.223611 0.419082 0.047222 0.021739
1 0.295833 0.419082 0.047222 0.021739
1 0.366667 0.419082 0.050000 0.021739
1 0.437500 0.419082 0.047222 0.021739
1 0.509722 0.419082 0.047222 0.021739
1 0.651389 0.419082 0.047222 0.021739
1 0.865278 0.419082 0.047222 0.021739
1 0.154167 0.481884 0.047222 0.021739
1 0.223611 0.481884 0.047222 0.021739
1 0.366667 0.481884 0.050000 0.021739
1 0.509722 0.481884 0.047222 0.021739
1 0.651389 0.481884 0.047222 0.021739
1 0.863889 0.481884 0.050000 0.021739
1 0.151389 0.543478 0.052778 0.028986
1 0.365278 0.543478 0.052778 0.028986
1 0.862500 0.543478 0.052778 0.028986
1 0.151389 0.606280 0.052778 0.028986
1 0.365278 0.606280 0.052778 0.028986
2 0.295833 0.486715 0.002778 0.026570
3 0.205556 0.775362 0.066667 0.062802
3 0.390278 0.776570 0.097222 0.065217
3 0.600000 0.771739 0.077778 0.055556
3 0.790278 0.776570 0.097222 0.065217