1 0.133333 0.326087 0.033333 0.028986
1 0.204167 0.326087 0.036111 0.028986
1 0.276389 0.326087 0.036111 0.028986
1 0.345833 0.326087 0.036111 0.028986
1 0.418056 0.326087 0.036111 0.028986
1 0.488889 0.326087 0.033333 0.028986
1 0.559722 0.326087 0.036111 0.028986
1 0.631944 0.326087 0.036111 0.028986
1 0.701389 0.326087 0.036111 0.028986
1 0.844444 0.326087 0.033333 0.028986
1 0.215278 0.387681 0.047222 0.031401
1 0.358333 0.387681 0.050000 0.031401
1 0.429167 0.387681 0.047222 0.031401
1 0.500000 0.386473 0.050000 0.028986
1 0.144444 0.386473 0.050000 0.024155
1 0.286111 0.386473 0.050000 0.024155
1 0.643056 0.386473 0.047222 0.024155
1 0.855556 0.386473 0.050000 0.024155
1 0.144444 0.450483 0.050000 0.031401
1 0.215278 0.450483 0.047222 0.031401
1 0.286111 0.450483 0.050000 0.031401
1 0.358333 0.450483 0.050000 0.031401
1 0.500000 0.450483 0.050000 0.031401
1 0.641667 0.450483 0.050000 0.031401
1 0.855556 0.450483 0.050000 0.031401
1 0.143056 0.513285 0.052778 0.031401
1 0.212500 0.513285 0.052778 0.031401
1 0.284722 0.513285 0.052778 0.031401
1 0.355556 0.513285 0.055556 0.031401
1 0.854167 0.513285 0.052778 0.031401
1 0.143056 0.574879 0.052778 0.028986
1 0.354167 0.574879 0.052778 0.028986
2 0.150000 0.763285 0.011111 0.019324
2 0.151389 0.797101 0.019444 0.024155
3 0.205556 0.776570 0.072222 0.065217
3 0.391667 0.776570 0.100000 0.065217
3 0.600000 0.771739 0.077778 0.055556
3 0.791667 0.776570 0.100000 0.065217