0 0.645833 0.853865 0.058333 0.031401
1 0.804167 0.291063 0.036111 0.021739
1 0.733333 0.291063 0.033333 0.021739
1 0.661111 0.291063 0.033333 0.021739
1 0.591667 0.291063 0.033333 0.021739
1 0.511111 0.291063 0.033333 0.021739
1 0.440278 0.291063 0.036111 0.021739
1 0.369444 0.291063 0.033333 0.021739
1 0.297222 0.291063 0.033333 0.021739
1 0.226389 0.291063 0.036111 0.021739
1 0.155556 0.291063 0.033333 0.021739
1 0.084722 0.291063 0.036111 0.021739
1 0.376389 0.355072 0.047222 0.024155
1 0.090278 0.355072 0.047222 0.024155
1 0.801389 0.356280 0.047222 0.021739
1 0.518056 0.356280 0.047222 0.021739
1 0.445833 0.356280 0.047222 0.021739
1 0.162500 0.356280 0.047222 0.021739
1 0.731944 0.357488 0.047222 0.019324
1 0.659722 0.357488 0.047222 0.019324
1 0.588889 0.357488 0.050000 0.019324
1 0.304167 0.357488 0.047222 0.019324
1 0.233333 0.357488 0.050000 0.019324
1 0.588889 0.417874 0.050000 0.024155
1 0.445833 0.417874 0.047222 0.024155
1 0.801389 0.419082 0.047222 0.021739
1 0.731944 0.419082 0.047222 0.021739
1 0.659722 0.419082 0.047222 0.021739
1 0.376389 0.419082 0.047222 0.021739
1 0.304167 0.419082 0.047222 0.021739
1 0.233333 0.419082 0.050000 0.021739
1 0.162500 0.419082 0.047222 0.021739
1 0.090278 0.419082 0.047222 0.021739
1 0.804167 0.479469 0.052778 0.026570
1 0.733333 0.479469 0.050000 0.026570
1 0.662500 0.479469 0.052778 0.026570
1 0.590278 0.479469 0.052778 0.026570
1 0.448611 0.479469 0.052778 0.026570
1 0.377778 0.479469 0.050000 0.026570
1 0.234722 0.479469 0.052778 0.026570
1 0.165278 0.479469 0.052778 0.026570
1 0.093056 0.479469 0.052778 0.026570
1 0.804167 0.542271 0.052778 0.026570
1 0.733333 0.542271 0.050000 0.026570
1 0.590278 0.542271 0.052778 0.026570
1 0.448611 0.543478 0.052778 0.028986
1 0.377778 0.542271 0.050000 0.026570
1 0.236111 0.542271 0.050000 0.026570
1 0.163889 0.542271 0.050000 0.026570
1 0.093056 0.542271 0.052778 0.026570
2 0.445833 0.667874 0.013889 0.016908
3 0.809722 0.775362 0.097222 0.062802
3 0.609722 0.775362 0.097222 0.062802
3 0.409722 0.775362 0.097222 0.062802
3 0.209722 0.775362 0.097222 0.062802