0 0.681944 0.853865 0.058333 0.031401
1 0.106944 0.326087 0.036111 0.028986
1 0.177778 0.326087 0.033333 0.028986
1 0.248611 0.326087 0.036111 0.028986
1 0.320833 0.326087 0.036111 0.028986
1 0.390278 0.326087 0.036111 0.028986
1 0.462500 0.326087 0.036111 0.028986
1 0.533333 0.327295 0.033333 0.031401
1 0.604167 0.326087 0.036111 0.028986
1 0.676389 0.326087 0.036111 0.028986
1 0.818056 0.326087 0.036111 0.028986
1 0.402778 0.387681 0.050000 0.031401
1 0.473611 0.387681 0.047222 0.031401
1 0.615278 0.386473 0.047222 0.028986
1 0.686111 0.387681 0.050000 0.031401
1 0.819444 0.385266 0.050000 0.026570
1 0.188889 0.388889 0.050000 0.028986
1 0.330556 0.388889 0.050000 0.028986
1 0.118056 0.388889 0.047222 0.024155
1 0.259722 0.387681 0.047222 0.021739
1 0.118056 0.450483 0.047222 0.031401
1 0.188889 0.450483 0.050000 0.031401
1 0.259722 0.450483 0.047222 0.031401
1 0.330556 0.450483 0.050000 0.031401
1 0.473611 0.450483 0.047222 0.031401
1 0.615278 0.450483 0.047222 0.031401
1 0.829167 0.450483 0.047222 0.031401
1 0.115278 0.513285 0.052778 0.031401
1 0.187500 0.513285 0.052778 0.031401
1 0.256944 0.513285 0.052778 0.031401
1 0.329167 0.513285 0.052778 0.031401
1 0.826389 0.513285 0.052778 0.031401
1 0.115278 0.574879 0.052778 0.028986
1 0.329167 0.574879 0.052778 0.028986
1 0.826389 0.574879 0.052778 0.028986
2 0.150000 0.763285 0.011111 0.019324
2 0.151389 0.797101 0.019444 0.024155
3 0.205556 0.776570 0.072222 0.065217
3 0.391667 0.776570 0.100000 0.065217
3 0.600000 0.771739 0.077778 0.055556
3 0.791667 0.776570 0.100000 0.065217