0 0.290278 0.853865 0.058333 0.031401
1 0.929167 0.291063 0.036111 0.021739
1 0.858333 0.291063 0.033333 0.021739
1 0.786111 0.291063 0.033333 0.021739
1 0.716667 0.291063 0.033333 0.021739
1 0.644444 0.291063 0.033333 0.021739
1 0.573611 0.291063 0.036111 0.021739
1 0.502778 0.291063 0.033333 0.021739
1 0.430556 0.291063 0.033333 0.021739
1 0.359722 0.291063 0.036111 0.021739
1 0.288889 0.291063 0.033333 0.021739
1 0.218056 0.291063 0.036111 0.021739
1 0.926389 0.356280 0.047222 0.021739
1 0.643056 0.356280 0.047222 0.021739
1 0.570833 0.356280 0.047222 0.021739
1 0.429167 0.356280 0.047222 0.021739
1 0.356944 0.356280 0.047222 0.021739
1 0.855556 0.357488 0.050000 0.019324
1 0.784722 0.357488 0.047222 0.019324
1 0.712500 0.357488 0.047222 0.019324
1 0.287500 0.357488 0.047222 0.019324
1 0.215278 0.357488 0.047222 0.019324
1 0.934722 0.417874 0.047222 0.024155
1 0.865278 0.417874 0.047222 0.024155
1 0.366667 0.417874 0.050000 0.024155
1 0.793056 0.419082 0.047222 0.021739
1 0.722222 0.419082 0.044444 0.021739
1 0.579167 0.419082 0.047222 0.021739
1 0.437500 0.419082 0.047222 0.021739
1 0.295833 0.419082 0.047222 0.021739
1 0.215278 0.419082 0.047222 0.021739
1 0.937500 0.481884 0.052778 0.031401
1 0.866667 0.481884 0.050000 0.031401
1 0.795833 0.481884 0.052778 0.031401
1 0.723611 0.481884 0.052778 0.031401
1 0.368056 0.481884 0.052778 0.031401
1 0.297222 0.481884 0.050000 0.031401
1 0.226389 0.481884 0.052778 0.031401
1 0.937500 0.543478 0.052778 0.028986
1 0.725000 0.543478 0.050000 0.028986
1 0.368056 0.543478 0.052778 0.028986
1 0.297222 0.543478 0.050000 0.028986
1 0.226389 0.543478 0.052778 0.028986
2 0.291667 0.582126 0.005556 0.014493
3 0.400000 0.769324 0.077778 0.060386
3 0.809722 0.775362 0.097222 0.062802
3 0.609722 0.775362 0.097222 0.062802
3 0.209722 0.775362 0.097222 0.062802