0 0.681944 0.853865 0.058333 0.031401
1 0.194444 0.259662 0.033333 0.021739
1 0.266667 0.259662 0.033333 0.021739
1 0.337500 0.259662 0.036111 0.021739
1 0.408333 0.259662 0.033333 0.021739
1 0.480556 0.259662 0.033333 0.021739
1 0.551389 0.259662 0.036111 0.021739
1 0.622222 0.259662 0.033333 0.021739
1 0.694444 0.259662 0.033333 0.021739
1 0.763889 0.259662 0.033333 0.021739
1 0.836111 0.259662 0.033333 0.021739
1 0.906944 0.259662 0.036111 0.021739
1 0.198611 0.326087 0.047222 0.019324
1 0.268056 0.326087 0.047222 0.019324
1 0.340278 0.327295 0.047222 0.021739
1 0.411111 0.326087 0.050000 0.019324
1 0.481944 0.328502 0.047222 0.024155
1 0.554167 0.327295 0.047222 0.021739
1 0.623611 0.327295 0.047222 0.021739
1 0.695833 0.326087 0.047222 0.019324
1 0.766667 0.326087 0.050000 0.019324
1 0.837500 0.328502 0.047222 0.024155
1 0.909722 0.327295 0.047222 0.021739
1 0.411111 0.386473 0.050000 0.024155
1 0.766667 0.386473 0.050000 0.024155
1 0.909722 0.386473 0.047222 0.024155
1 0.198611 0.387681 0.047222 0.021739
1 0.268056 0.387681 0.047222 0.021739
1 0.340278 0.387681 0.047222 0.021739
1 0.481944 0.387681 0.047222 0.021739
1 0.554167 0.387681 0.047222 0.021739
1 0.623611 0.387681 0.047222 0.021739
1 0.695833 0.387681 0.047222 0.021739
1 0.837500 0.387681 0.047222 0.021739
1 0.195833 0.448068 0.052778 0.026570
1 0.266667 0.448068 0.050000 0.026570
1 0.337500 0.448068 0.052778 0.026570
1 0.409722 0.448068 0.052778 0.026570
1 0.479167 0.448068 0.052778 0.026570
1 0.551389 0.448068 0.052778 0.026570
1 0.622222 0.448068 0.050000 0.026570
1 0.693056 0.448068 0.052778 0.026570
1 0.765278 0.448068 0.052778 0.026570
1 0.834722 0.448068 0.052778 0.026570
1 0.906944 0.448068 0.052778 0.026570
1 0.204167 0.512077 0.052778 0.028986
1 0.275000 0.512077 0.050000 0.028986
1 0.418056 0.512077 0.052778 0.028986
1 0.559722 0.512077 0.052778 0.028986
1 0.622222 0.510870 0.050000 0.026570
1 0.765278 0.510870 0.052778 0.026570
1 0.834722 0.510870 0.052778 0.026570
1 0.906944 0.512077 0.052778 0.028986
2 0.695833 0.580918 0.002778 0.026570
2 0.681944 0.690821 0.002778 0.014493
3 0.190278 0.775362 0.097222 0.062802
3 0.390278 0.775362 0.097222 0.062802
3 0.590278 0.775362 0.097222 0.062802
3 0.790278 0.775362 0.097222 0.062802