0 0.477778 0.855072 0.055556 0.028986
1 0.169444 0.259662 0.033333 0.021739
1 0.240278 0.259662 0.036111 0.021739
1 0.311111 0.259662 0.033333 0.021739
1 0.381944 0.259662 0.036111 0.021739
1 0.452778 0.259662 0.033333 0.021739
1 0.525000 0.259662 0.033333 0.021739
1 0.595833 0.259662 0.036111 0.021739
1 0.666667 0.259662 0.033333 0.021739
1 0.737500 0.259662 0.036111 0.021739
1 0.808333 0.259662 0.033333 0.021739
1 0.880556 0.259662 0.033333 0.021739
1 0.384722 0.326087 0.047222 0.024155
1 0.455556 0.326087 0.050000 0.024155
1 0.526389 0.326087 0.047222 0.024155
1 0.598611 0.326087 0.047222 0.024155
1 0.668056 0.326087 0.047222 0.024155
1 0.740278 0.326087 0.047222 0.024155
1 0.881944 0.326087 0.047222 0.024155
1 0.170833 0.327295 0.047222 0.021739
1 0.243056 0.327295 0.047222 0.021739
1 0.312500 0.327295 0.047222 0.021739
1 0.811111 0.327295 0.050000 0.021739
1 0.170833 0.387681 0.047222 0.021739
1 0.243056 0.387681 0.047222 0.021739
1 0.312500 0.387681 0.047222 0.021739
1 0.384722 0.387681 0.047222 0.021739
1 0.455556 0.387681 0.050000 0.021739
1 0.526389 0.387681 0.047222 0.021739
1 0.598611 0.387681 0.047222 0.021739
1 0.668056 0.387681 0.047222 0.021739
1 0.740278 0.387681 0.047222 0.021739
1 0.811111 0.387681 0.050000 0.021739
1 0.881944 0.387681 0.047222 0.021739
1 0.177778 0.448068 0.050000 0.026570
1 0.248611 0.448068 0.052778 0.026570
1 0.320833 0.448068 0.052778 0.026570
1 0.390278 0.448068 0.052778 0.026570
1 0.462500 0.448068 0.052778 0.026570
1 0.523611 0.450483 0.052778 0.031401
1 0.595833 0.450483 0.052778 0.031401
1 0.666667 0.450483 0.050000 0.031401
1 0.737500 0.450483 0.052778 0.031401
1 0.809722 0.450483 0.052778 0.031401
1 0.879167 0.450483 0.052778 0.031401
1 0.177778 0.510870 0.050000 0.026570
1 0.248611 0.510870 0.052778 0.026570
1 0.390278 0.510870 0.052778 0.026570
1 0.462500 0.510870 0.052778 0.026570
1 0.533333 0.510870 0.050000 0.026570
1 0.604167 0.510870 0.052778 0.026570
1 0.676389 0.510870 0.052778 0.026570
1 0.745833 0.510870 0.052778 0.026570
1 0.818056 0.510870 0.052778 0.026570
1 0.888889 0.510870 0.050000 0.026570
2 0.170833 0.640097 0.013889 0.024155
3 0.190278 0.776570 0.097222 0.060386
3 0.390278 0.776570 0.097222 0.060386
3 0.590278 0.776570 0.097222 0.060386
3 0.790278 0.776570 0.097222 0.060386