0 0.890278 0.855072 0.058333 0.028986
1 0.848611 0.259662 0.036111 0.021739
1 0.777778 0.259662 0.033333 0.021739
1 0.706944 0.259662 0.036111 0.021739
1 0.636111 0.259662 0.033333 0.021739
1 0.563889 0.259662 0.033333 0.021739
1 0.493056 0.259662 0.036111 0.021739
1 0.422222 0.259662 0.033333 0.021739
1 0.351389 0.259662 0.036111 0.021739
1 0.280556 0.259662 0.033333 0.021739
1 0.208333 0.259662 0.033333 0.021739
1 0.137500 0.259662 0.036111 0.021739
1 0.845833 0.326087 0.047222 0.024155
1 0.633333 0.326087 0.050000 0.024155
1 0.562500 0.326087 0.047222 0.024155
1 0.490278 0.326087 0.047222 0.024155
1 0.419444 0.326087 0.050000 0.024155
1 0.348611 0.326087 0.047222 0.024155
1 0.134722 0.326087 0.047222 0.024155
1 0.776389 0.327295 0.047222 0.021739
1 0.704167 0.327295 0.047222 0.021739
1 0.277778 0.327295 0.050000 0.021739
1 0.206944 0.327295 0.047222 0.021739
1 0.845833 0.387681 0.047222 0.021739
1 0.776389 0.387681 0.047222 0.021739
1 0.704167 0.387681 0.047222 0.021739
1 0.633333 0.387681 0.050000 0.021739
1 0.562500 0.387681 0.047222 0.021739
1 0.490278 0.387681 0.047222 0.021739
1 0.420833 0.387681 0.047222 0.021739
1 0.348611 0.387681 0.047222 0.021739
1 0.277778 0.387681 0.050000 0.021739
1 0.206944 0.387681 0.047222 0.021739
1 0.134722 0.387681 0.047222 0.021739
1 0.840278 0.448068 0.052778 0.026570
1 0.768056 0.448068 0.052778 0.026570
1 0.698611 0.448068 0.052778 0.026570
1 0.626389 0.448068 0.052778 0.026570
1 0.555556 0.448068 0.050000 0.026570
1 0.484722 0.448068 0.052778 0.026570
1 0.412500 0.448068 0.052778 0.026570
1 0.343056 0.448068 0.052778 0.026570
1 0.270833 0.448068 0.052778 0.026570
1 0.200000 0.448068 0.050000 0.026570
1 0.137500 0.450483 0.052778 0.031401
1 0.840278 0.510870 0.052778 0.026570
1 0.768056 0.510870 0.052778 0.026570
1 0.698611 0.510870 0.052778 0.026570
1 0.626389 0.510870 0.052778 0.026570
1 0.555556 0.510870 0.050000 0.026570
1 0.484722 0.510870 0.052778 0.026570
1 0.412500 0.510870 0.052778 0.026570
1 0.343056 0.510870 0.052778 0.026570
1 0.270833 0.510870 0.052778 0.026570
1 0.200000 0.510870 0.050000 0.026570
1 0.129167 0.510870 0.052778 0.026570
3 0.809722 0.776570 0.097222 0.060386
3 0.609722 0.776570 0.097222 0.060386
3 0.409722 0.776570 0.097222 0.060386
3 0.209722 0.776570 0.097222 0.060386