0 0.318056 0.853865 0.058333 0.031401
1 0.805556 0.259662 0.033333 0.021739
1 0.733333 0.259662 0.033333 0.021739
1 0.662500 0.259662 0.036111 0.021739
1 0.591667 0.259662 0.033333 0.021739
1 0.519444 0.259662 0.033333 0.021739
1 0.448611 0.259662 0.036111 0.021739
1 0.377778 0.259662 0.033333 0.021739
1 0.305556 0.259662 0.033333 0.021739
1 0.236111 0.259662 0.033333 0.021739
1 0.163889 0.259662 0.033333 0.021739
1 0.093056 0.259662 0.036111 0.021739
1 0.801389 0.326087 0.047222 0.019324
1 0.731944 0.326087 0.047222 0.019324
1 0.659722 0.327295 0.047222 0.021739
1 0.588889 0.326087 0.050000 0.019324
1 0.518056 0.328502 0.047222 0.024155
1 0.445833 0.327295 0.047222 0.021739
1 0.376389 0.327295 0.047222 0.021739
1 0.304167 0.326087 0.047222 0.019324
1 0.233333 0.326087 0.050000 0.019324
1 0.162500 0.328502 0.047222 0.024155
1 0.090278 0.327295 0.047222 0.021739
1 0.588889 0.386473 0.050000 0.024155
1 0.233333 0.386473 0.050000 0.024155
1 0.090278 0.386473 0.047222 0.024155
1 0.801389 0.387681 0.047222 0.021739
1 0.731944 0.387681 0.047222 0.021739
1 0.659722 0.387681 0.047222 0.021739
1 0.518056 0.387681 0.047222 0.021739
1 0.445833 0.387681 0.047222 0.021739
1 0.376389 0.387681 0.047222 0.021739
1 0.304167 0.387681 0.047222 0.021739
1 0.162500 0.387681 0.047222 0.021739
1 0.804167 0.448068 0.052778 0.026570
1 0.733333 0.448068 0.050000 0.026570
1 0.662500 0.448068 0.052778 0.026570
1 0.590278 0.448068 0.052778 0.026570
1 0.520833 0.448068 0.052778 0.026570
1 0.448611 0.448068 0.052778 0.026570
1 0.377778 0.448068 0.050000 0.026570
1 0.306944 0.448068 0.052778 0.026570
1 0.234722 0.448068 0.052778 0.026570
1 0.165278 0.448068 0.052778 0.026570
1 0.093056 0.448068 0.052778 0.026570
1 0.795833 0.512077 0.052778 0.028986
1 0.725000 0.512077 0.050000 0.028986
1 0.581944 0.512077 0.052778 0.028986
1 0.440278 0.512077 0.052778 0.028986
1 0.377778 0.510870 0.050000 0.026570
1 0.234722 0.510870 0.052778 0.026570
1 0.165278 0.510870 0.052778 0.026570
1 0.093056 0.512077 0.052778 0.028986
2 0.304167 0.580918 0.002778 0.026570
2 0.318056 0.690821 0.002778 0.014493
3 0.809722 0.775362 0.097222 0.062802
3 0.609722 0.775362 0.097222 0.062802
3 0.409722 0.775362 0.097222 0.062802
3 0.209722 0.775362 0.097222 0.062802