0 0.677778 0.853865 0.061111 0.031401
1 0.822222 0.357488 0.033333 0.028986
1 0.751389 0.357488 0.036111 0.028986
1 0.679167 0.357488 0.036111 0.028986
1 0.609722 0.357488 0.036111 0.028986
1 0.537500 0.357488 0.036111 0.028986
1 0.466667 0.357488 0.033333 0.028986
1 0.387500 0.357488 0.036111 0.028986
1 0.315278 0.357488 0.036111 0.028986
1 0.244444 0.357488 0.033333 0.028986
1 0.101389 0.357488 0.036111 0.028986
1 0.819444 0.416667 0.050000 0.026570
1 0.748611 0.416667 0.047222 0.026570
1 0.677778 0.416667 0.050000 0.026570
1 0.606944 0.419082 0.047222 0.031401
1 0.536111 0.416667 0.050000 0.026570
1 0.463889 0.416667 0.050000 0.026570
1 0.322222 0.416667 0.050000 0.026570
1 0.108333 0.416667 0.050000 0.026570
1 0.463889 0.481884 0.050000 0.031401
1 0.819444 0.484300 0.050000 0.026570
1 0.748611 0.484300 0.047222 0.026570
1 0.677778 0.484300 0.050000 0.026570
1 0.606944 0.484300 0.047222 0.026570
1 0.322222 0.484300 0.050000 0.026570
1 0.108333 0.484300 0.050000 0.026570
1 0.820833 0.544686 0.052778 0.031401
1 0.679167 0.543478 0.052778 0.028986
1 0.609722 0.544686 0.052778 0.031401
1 0.111111 0.543478 0.055556 0.028986
1 0.820833 0.603865 0.052778 0.028986
1 0.609722 0.605072 0.052778 0.031401
2 0.740278 0.750000 0.013889 0.026570
2 0.850000 0.763285 0.011111 0.019324
2 0.848611 0.797101 0.019444 0.024155
3 0.793056 0.776570 0.069444 0.065217
3 0.608333 0.776570 0.100000 0.065217
3 0.398611 0.771739 0.080556 0.055556
3 0.208333 0.776570 0.100000 0.065217
4 0.708333 0.148551 0.038889 0.031401