0 0.140278 0.853865 0.058333 0.031401
1 0.866667 0.326087 0.033333 0.028986
1 0.795833 0.326087 0.036111 0.028986
1 0.723611 0.326087 0.036111 0.028986
1 0.654167 0.326087 0.036111 0.028986
1 0.581944 0.326087 0.036111 0.028986
1 0.511111 0.326087 0.033333 0.028986
1 0.440278 0.326087 0.036111 0.028986
1 0.368056 0.326087 0.036111 0.028986
1 0.298611 0.326087 0.036111 0.028986
1 0.155556 0.326087 0.033333 0.028986
1 0.784722 0.387681 0.047222 0.031401
1 0.641667 0.387681 0.050000 0.031401
1 0.570833 0.387681 0.047222 0.031401
1 0.508333 0.387681 0.050000 0.031401
1 0.366667 0.387681 0.050000 0.031401
1 0.152778 0.387681 0.050000 0.031401
1 0.855556 0.386473 0.050000 0.024155
1 0.713889 0.386473 0.050000 0.024155
1 0.855556 0.450483 0.050000 0.031401
1 0.784722 0.450483 0.047222 0.031401
1 0.713889 0.450483 0.050000 0.031401
1 0.641667 0.450483 0.050000 0.031401
1 0.500000 0.450483 0.050000 0.031401
1 0.358333 0.450483 0.050000 0.031401
1 0.144444 0.450483 0.050000 0.031401
1 0.856944 0.513285 0.052778 0.031401
1 0.787500 0.513285 0.052778 0.031401
1 0.715278 0.513285 0.052778 0.031401
1 0.644444 0.513285 0.055556 0.031401
1 0.145833 0.513285 0.052778 0.031401
1 0.856944 0.574879 0.052778 0.028986
1 0.645833 0.574879 0.052778 0.028986
2 0.850000 0.763285 0.011111 0.019324
2 0.848611 0.797101 0.019444 0.024155
3 0.794444 0.776570 0.072222 0.065217
3 0.608333 0.776570 0.100000 0.065217
3 0.400000 0.771739 0.077778 0.055556
3 0.202778 0.776570 0.111111 0.065217