0 0.677778 0.853865 0.061111 0.031401
1 0.831944 0.357488 0.036111 0.028986
1 0.759722 0.357488 0.036111 0.028986
1 0.688889 0.357488 0.033333 0.028986
1 0.618056 0.357488 0.036111 0.028986
1 0.545833 0.357488 0.036111 0.028986
1 0.476389 0.357488 0.036111 0.028986
1 0.404167 0.357488 0.036111 0.028986
1 0.333333 0.357488 0.033333 0.028986
1 0.262500 0.357488 0.036111 0.028986
1 0.120833 0.357488 0.036111 0.028986
1 0.829167 0.416667 0.047222 0.026570
1 0.758333 0.416667 0.050000 0.026570
1 0.686111 0.416667 0.050000 0.026570
1 0.615278 0.416667 0.047222 0.026570
1 0.544444 0.416667 0.050000 0.026570
1 0.473611 0.416667 0.047222 0.026570
1 0.330556 0.416667 0.050000 0.026570
1 0.118056 0.419082 0.047222 0.021739
1 0.837500 0.484300 0.047222 0.026570
1 0.766667 0.484300 0.050000 0.026570
1 0.695833 0.484300 0.047222 0.026570
1 0.615278 0.484300 0.047222 0.026570
1 0.473611 0.484300 0.047222 0.026570
1 0.330556 0.484300 0.050000 0.026570
1 0.118056 0.484300 0.047222 0.026570
1 0.840278 0.543478 0.052778 0.028986
1 0.694444 0.543478 0.033333 0.028986
1 0.626389 0.543478 0.052778 0.028986
1 0.129167 0.544686 0.052778 0.031401
1 0.840278 0.605072 0.052778 0.031401
1 0.626389 0.605072 0.052778 0.031401
2 0.716667 0.544686 0.016667 0.026570
2 0.251389 0.671498 0.013889 0.024155
2 0.850000 0.763285 0.011111 0.019324
2 0.848611 0.797101 0.019444 0.024155
3 0.793056 0.776570 0.069444 0.065217
3 0.608333 0.776570 0.100000 0.065217
3 0.398611 0.771739 0.080556 0.055556
3 0.208333 0.776570 0.100000 0.065217