1 0.143056 0.510870 0.052778 0.026570
1 0.212500 0.510870 0.052778 0.026570
1 0.284722 0.510870 0.052778 0.026570
1 0.355556 0.510870 0.050000 0.026570
1 0.426389 0.510870 0.052778 0.026570
1 0.498611 0.510870 0.052778 0.026570
1 0.568056 0.510870 0.052778 0.026570
1 0.640278 0.510870 0.052778 0.026570
1 0.711111 0.510870 0.050000 0.026570
1 0.781944 0.510870 0.052778 0.026570
1 0.854167 0.510870 0.052778 0.026570
3 0.190278 0.776570 0.097222 0.060386
3 0.390278 0.776570 0.097222 0.060386
3 0.590278 0.776570 0.097222 0.060386
3 0.790278 0.776570 0.097222 0.060386