0 0.348611 0.853865 0.058333 0.031401
1 0.141667 0.353865 0.033333 0.021739
1 0.213889 0.353865 0.033333 0.021739
1 0.284722 0.353865 0.036111 0.021739
1 0.355556 0.353865 0.033333 0.021739
1 0.426389 0.353865 0.036111 0.021739
1 0.497222 0.353865 0.033333 0.021739
1 0.569444 0.353865 0.033333 0.021739
1 0.640278 0.353865 0.036111 0.021739
1 0.711111 0.353865 0.033333 0.021739
1 0.852778 0.353865 0.033333 0.021739
1 0.144444 0.419082 0.050000 0.021739
1 0.215278 0.419082 0.047222 0.021739
1 0.356944 0.419082 0.047222 0.021739
1 0.429167 0.419082 0.047222 0.021739
1 0.500000 0.419082 0.050000 0.021739
1 0.643056 0.419082 0.047222 0.021739
1 0.855556 0.419082 0.050000 0.021739
1 0.136111 0.481884 0.050000 0.021739
1 0.215278 0.481884 0.047222 0.021739
1 0.356944 0.481884 0.047222 0.021739
1 0.500000 0.481884 0.050000 0.021739
1 0.643056 0.481884 0.047222 0.021739
1 0.855556 0.481884 0.050000 0.021739
1 0.134722 0.543478 0.052778 0.028986
1 0.345833 0.543478 0.052778 0.028986
1 0.844444 0.543478 0.050000 0.028986
1 0.133333 0.606280 0.050000 0.028986
1 0.345833 0.606280 0.052778 0.028986
2 0.216667 0.609903 0.011111 0.021739
3 0.205556 0.775362 0.066667 0.062802
3 0.390278 0.776570 0.097222 0.065217
3 0.600000 0.771739 0.077778 0.055556
3 0.790278 0.776570 0.097222 0.065217