0 0.536111 0.853865 0.061111 0.031401
1 0.787500 0.326087 0.036111 0.028986
1 0.715278 0.326087 0.036111 0.028986
1 0.644444 0.326087 0.033333 0.028986
1 0.573611 0.326087 0.036111 0.028986
1 0.501389 0.327295 0.036111 0.031401
1 0.431944 0.326087 0.036111 0.028986
1 0.359722 0.326087 0.036111 0.028986
1 0.288889 0.326087 0.033333 0.028986
1 0.218056 0.326087 0.036111 0.028986
1 0.084722 0.322464 0.036111 0.021739
1 0.713889 0.387681 0.050000 0.031401
1 0.641667 0.385266 0.050000 0.026570
1 0.570833 0.387681 0.047222 0.031401
1 0.500000 0.386473 0.050000 0.028986
1 0.429167 0.387681 0.047222 0.031401
1 0.286111 0.385266 0.050000 0.026570
1 0.784722 0.388889 0.047222 0.028986
1 0.073611 0.390097 0.047222 0.026570
1 0.784722 0.450483 0.047222 0.031401
1 0.713889 0.450483 0.050000 0.031401
1 0.641667 0.450483 0.050000 0.031401
1 0.570833 0.450483 0.047222 0.031401
1 0.429167 0.450483 0.047222 0.031401
1 0.286111 0.450483 0.050000 0.031401
1 0.073611 0.450483 0.047222 0.031401
1 0.787500 0.513285 0.052778 0.031401
1 0.644444 0.510870 0.055556 0.026570
1 0.573611 0.513285 0.052778 0.031401
1 0.076389 0.513285 0.052778 0.031401
1 0.787500 0.574879 0.052778 0.028986
1 0.573611 0.574879 0.052778 0.028986
2 0.508333 0.672705 0.005556 0.026570
2 0.850000 0.763285 0.011111 0.019324
2 0.848611 0.797101 0.019444 0.024155
3 0.793056 0.776570 0.069444 0.065217
3 0.608333 0.776570 0.100000 0.065217
3 0.398611 0.771739 0.080556 0.055556
3 0.208333 0.776570 0.100000 0.065217