0 0.890278 0.853865 0.058333 0.031401
1 0.919444 0.385266 0.033333 0.021739
1 0.848611 0.385266 0.036111 0.021739
1 0.777778 0.385266 0.033333 0.021739
1 0.706944 0.385266 0.036111 0.021739
1 0.636111 0.385266 0.033333 0.021739
1 0.563889 0.385266 0.033333 0.021739
1 0.493056 0.385266 0.036111 0.021739
1 0.422222 0.385266 0.033333 0.021739
1 0.351389 0.385266 0.036111 0.021739
1 0.208333 0.385266 0.033333 0.021739
1 0.908333 0.450483 0.050000 0.021739
1 0.837500 0.450483 0.047222 0.021739
1 0.623611 0.450483 0.047222 0.021739
1 0.554167 0.450483 0.047222 0.021739
1 0.411111 0.450483 0.050000 0.021739
1 0.206944 0.450483 0.047222 0.021739
1 0.908333 0.513285 0.050000 0.021739
1 0.837500 0.513285 0.047222 0.021739
1 0.554167 0.513285 0.047222 0.021739
1 0.411111 0.513285 0.050000 0.021739
1 0.198611 0.513285 0.047222 0.021739
1 0.911111 0.573671 0.050000 0.026570
1 0.200000 0.573671 0.050000 0.026570
3 0.609722 0.775362 0.097222 0.062802
3 0.384722 0.771739 0.047222 0.055556
3 0.209722 0.775362 0.097222 0.062802
3 0.794444 0.777778 0.066667 0.057971