0 0.713889 0.853865 0.061111 0.031401
1 0.125000 0.326087 0.033333 0.028986
1 0.195833 0.326087 0.036111 0.028986
1 0.266667 0.326087 0.033333 0.028986
1 0.337500 0.326087 0.036111 0.028986
1 0.409722 0.326087 0.036111 0.028986
1 0.479167 0.327295 0.036111 0.031401
1 0.543056 0.326087 0.036111 0.028986
1 0.612500 0.326087 0.036111 0.028986
1 0.684722 0.326087 0.036111 0.028986
1 0.826389 0.326087 0.036111 0.028986
1 0.126389 0.387681 0.047222 0.031401
1 0.197222 0.385266 0.050000 0.026570
1 0.340278 0.387681 0.047222 0.031401
1 0.481944 0.387681 0.047222 0.031401
1 0.625000 0.387681 0.050000 0.031401
1 0.837500 0.387681 0.047222 0.031401
1 0.269444 0.388889 0.050000 0.028986
1 0.411111 0.386473 0.050000 0.024155
1 0.126389 0.450483 0.047222 0.031401
1 0.197222 0.450483 0.050000 0.031401
1 0.269444 0.450483 0.050000 0.031401
1 0.340278 0.450483 0.047222 0.031401
1 0.481944 0.450483 0.047222 0.031401
1 0.625000 0.450483 0.050000 0.031401
1 0.837500 0.450483 0.047222 0.031401
1 0.123611 0.513285 0.052778 0.031401
1 0.195833 0.513285 0.052778 0.031401
1 0.268056 0.513285 0.052778 0.031401
1 0.337500 0.513285 0.052778 0.031401
1 0.834722 0.513285 0.052778 0.031401
1 0.123611 0.574879 0.052778 0.028986
1 0.337500 0.574879 0.052778 0.028986
1 0.834722 0.574879 0.052778 0.028986
2 0.269444 0.655797 0.011111 0.021739
2 0.150000 0.763285 0.011111 0.019324
2 0.151389 0.797101 0.019444 0.024155
3 0.205556 0.776570 0.072222 0.065217
3 0.391667 0.776570 0.100000 0.065217
3 0.601389 0.771739 0.080556 0.055556
3 0.791667 0.776570 0.100000 0.065217