0 0.536111 0.853865 0.061111 0.031401
1 0.804167 0.326087 0.036111 0.028986
1 0.733333 0.326087 0.033333 0.028986
1 0.662500 0.326087 0.036111 0.028986
1 0.590278 0.326087 0.036111 0.028986
1 0.520833 0.326087 0.036111 0.028986
1 0.448611 0.326087 0.036111 0.028986
1 0.377778 0.326087 0.033333 0.028986
1 0.306944 0.326087 0.036111 0.028986
1 0.234722 0.326087 0.036111 0.028986
1 0.093056 0.326087 0.036111 0.028986
1 0.802778 0.387681 0.050000 0.031401
1 0.730556 0.385266 0.050000 0.026570
1 0.659722 0.387681 0.047222 0.031401
1 0.588889 0.385266 0.050000 0.026570
1 0.518056 0.387681 0.047222 0.031401
1 0.447222 0.387681 0.050000 0.031401
1 0.091667 0.386473 0.050000 0.028986
1 0.304167 0.388889 0.047222 0.028986
1 0.802778 0.450483 0.050000 0.031401
1 0.730556 0.450483 0.050000 0.031401
1 0.659722 0.450483 0.047222 0.031401
1 0.588889 0.450483 0.050000 0.031401
1 0.447222 0.450483 0.050000 0.031401
1 0.304167 0.450483 0.047222 0.031401
1 0.091667 0.450483 0.050000 0.031401
1 0.804167 0.513285 0.052778 0.031401
1 0.662500 0.513285 0.052778 0.031401
1 0.590278 0.513285 0.052778 0.031401
1 0.093056 0.513285 0.052778 0.031401
1 0.795833 0.574879 0.052778 0.028986
1 0.581944 0.574879 0.052778 0.028986
2 0.850000 0.763285 0.011111 0.019324
2 0.848611 0.797101 0.019444 0.024155
3 0.793056 0.776570 0.069444 0.065217
3 0.608333 0.776570 0.100000 0.065217
3 0.398611 0.771739 0.080556 0.055556
3 0.208333 0.776570 0.100000 0.065217
4 0.840278 0.172705 0.069444 0.026570