0 0.481944 0.853865 0.058333 0.031401
1 0.902778 0.291063 0.033333 0.021739
1 0.830556 0.291063 0.033333 0.021739
1 0.761111 0.291063 0.033333 0.021739
1 0.688889 0.291063 0.033333 0.021739
1 0.618056 0.291063 0.036111 0.021739
1 0.547222 0.291063 0.033333 0.021739
1 0.475000 0.291063 0.033333 0.021739
1 0.404167 0.291063 0.036111 0.021739
1 0.333333 0.291063 0.033333 0.021739
1 0.261111 0.291063 0.033333 0.021739
1 0.191667 0.291063 0.033333 0.021739
1 0.909722 0.355072 0.047222 0.024155
1 0.544444 0.355072 0.050000 0.024155
1 0.695833 0.356280 0.047222 0.021739
1 0.623611 0.356280 0.047222 0.021739
1 0.401389 0.356280 0.047222 0.021739
1 0.331944 0.356280 0.047222 0.021739
1 0.837500 0.357488 0.047222 0.019324
1 0.768056 0.357488 0.047222 0.019324
1 0.259722 0.357488 0.047222 0.019324
1 0.190278 0.357488 0.047222 0.019324
1 0.909722 0.417874 0.047222 0.024155
1 0.554167 0.417874 0.047222 0.024155
1 0.411111 0.417874 0.050000 0.024155
1 0.837500 0.419082 0.047222 0.021739
1 0.765278 0.419082 0.047222 0.021739
1 0.695833 0.419082 0.047222 0.021739
1 0.340278 0.419082 0.047222 0.021739
1 0.268056 0.419082 0.047222 0.021739
1 0.198611 0.419082 0.047222 0.021739
1 0.911111 0.479469 0.050000 0.026570
1 0.840278 0.479469 0.052778 0.026570
1 0.769444 0.479469 0.050000 0.026570
1 0.697222 0.479469 0.050000 0.026570
1 0.343056 0.479469 0.052778 0.026570
1 0.270833 0.479469 0.052778 0.026570
1 0.200000 0.479469 0.050000 0.026570
1 0.911111 0.542271 0.050000 0.026570
1 0.698611 0.542271 0.052778 0.026570
1 0.343056 0.542271 0.052778 0.026570
1 0.270833 0.542271 0.052778 0.026570
1 0.200000 0.542271 0.050000 0.026570
3 0.809722 0.775362 0.097222 0.062802
3 0.609722 0.775362 0.097222 0.062802
3 0.400000 0.771739 0.077778 0.055556
3 0.209722 0.775362 0.097222 0.062802