0 0.544444 0.853865 0.055556 0.031401
1 0.115278 0.291063 0.036111 0.021739
1 0.186111 0.291063 0.033333 0.021739
1 0.258333 0.291063 0.033333 0.021739
1 0.327778 0.291063 0.033333 0.021739
1 0.400000 0.291063 0.033333 0.021739
1 0.470833 0.291063 0.036111 0.021739
1 0.541667 0.291063 0.033333 0.021739
1 0.613889 0.291063 0.033333 0.021739
1 0.684722 0.291063 0.036111 0.021739
1 0.755556 0.291063 0.033333 0.021739
1 0.827778 0.291063 0.033333 0.021739
1 0.544444 0.355072 0.050000 0.024155
1 0.331944 0.356280 0.047222 0.021739
1 0.401389 0.356280 0.047222 0.021739
1 0.473611 0.356280 0.047222 0.021739
1 0.615278 0.356280 0.047222 0.021739
1 0.687500 0.356280 0.047222 0.021739
1 0.118056 0.357488 0.047222 0.019324
1 0.188889 0.357488 0.050000 0.019324
1 0.259722 0.357488 0.047222 0.019324
1 0.756944 0.357488 0.047222 0.019324
1 0.829167 0.357488 0.047222 0.019324
1 0.544444 0.417874 0.050000 0.024155
1 0.118056 0.419082 0.047222 0.021739
1 0.188889 0.419082 0.050000 0.021739
1 0.259722 0.419082 0.047222 0.021739
1 0.331944 0.419082 0.047222 0.021739
1 0.473611 0.419082 0.047222 0.021739
1 0.615278 0.419082 0.047222 0.021739
1 0.687500 0.419082 0.047222 0.021739
1 0.756944 0.419082 0.047222 0.021739
1 0.829167 0.419082 0.047222 0.021739
1 0.115278 0.481884 0.052778 0.031401
1 0.187500 0.481884 0.052778 0.031401
1 0.258333 0.481884 0.050000 0.031401
1 0.329167 0.481884 0.052778 0.031401
1 0.543056 0.481884 0.052778 0.031401
1 0.684722 0.481884 0.052778 0.031401
1 0.755556 0.481884 0.050000 0.031401
1 0.826389 0.480676 0.052778 0.028986
1 0.115278 0.543478 0.052778 0.028986
1 0.329167 0.543478 0.052778 0.028986
1 0.543056 0.543478 0.052778 0.028986
1 0.684722 0.543478 0.052778 0.028986
1 0.755556 0.543478 0.050000 0.028986
1 0.826389 0.543478 0.052778 0.028986
2 0.330556 0.625604 0.011111 0.024155
2 0.544444 0.753623 0.005556 0.014493
3 0.190278 0.775362 0.097222 0.062802
3 0.390278 0.775362 0.097222 0.062802
3 0.600000 0.771739 0.077778 0.055556
3 0.790278 0.775362 0.097222 0.062802