0 0.419444 0.853865 0.061111 0.031401
1 0.848611 0.291063 0.036111 0.021739
1 0.777778 0.291063 0.033333 0.021739
1 0.705556 0.291063 0.033333 0.021739
1 0.636111 0.291063 0.033333 0.021739
1 0.563889 0.291063 0.033333 0.021739
1 0.493056 0.291063 0.036111 0.021739
1 0.422222 0.291063 0.033333 0.021739
1 0.350000 0.291063 0.033333 0.021739
1 0.280556 0.291063 0.033333 0.021739
1 0.208333 0.291063 0.033333 0.021739
1 0.137500 0.291063 0.036111 0.021739
1 0.420833 0.355072 0.047222 0.024155
1 0.845833 0.356280 0.047222 0.021739
1 0.562500 0.356280 0.047222 0.021739
1 0.490278 0.358696 0.047222 0.026570
1 0.134722 0.356280 0.047222 0.021739
1 0.776389 0.357488 0.047222 0.019324
1 0.704167 0.357488 0.047222 0.019324
1 0.633333 0.357488 0.050000 0.019324
1 0.348611 0.357488 0.047222 0.019324
1 0.276389 0.357488 0.047222 0.019324
1 0.206944 0.357488 0.047222 0.019324
1 0.633333 0.417874 0.050000 0.024155
1 0.490278 0.417874 0.047222 0.024155
1 0.420833 0.417874 0.047222 0.024155
1 0.845833 0.419082 0.047222 0.021739
1 0.776389 0.419082 0.047222 0.021739
1 0.704167 0.419082 0.047222 0.021739
1 0.348611 0.419082 0.047222 0.021739
1 0.276389 0.419082 0.047222 0.021739
1 0.206944 0.419082 0.047222 0.021739
1 0.134722 0.419082 0.047222 0.021739
1 0.848611 0.481884 0.052778 0.031401
1 0.777778 0.481884 0.050000 0.031401
1 0.706944 0.481884 0.052778 0.031401
1 0.636111 0.480676 0.050000 0.028986
1 0.422222 0.481884 0.050000 0.031401
1 0.279167 0.481884 0.052778 0.031401
1 0.208333 0.481884 0.050000 0.031401
1 0.137500 0.481884 0.052778 0.031401
1 0.858333 0.542271 0.050000 0.026570
1 0.644444 0.542271 0.050000 0.026570
1 0.431944 0.542271 0.052778 0.026570
1 0.288889 0.542271 0.050000 0.026570
1 0.208333 0.543478 0.050000 0.028986
1 0.137500 0.543478 0.052778 0.028986
2 0.490278 0.812802 0.013889 0.026570
3 0.809722 0.775362 0.097222 0.062802
3 0.609722 0.775362 0.097222 0.062802
3 0.409722 0.771739 0.097222 0.055556
3 0.209722 0.775362 0.097222 0.062802