0 0.891667 0.853865 0.061111 0.031401
1 0.848611 0.326087 0.036111 0.028986
1 0.777778 0.326087 0.033333 0.028986
1 0.706944 0.326087 0.036111 0.028986
1 0.634722 0.326087 0.036111 0.028986
1 0.565278 0.326087 0.036111 0.028986
1 0.493056 0.327295 0.036111 0.031401
1 0.422222 0.326087 0.033333 0.028986
1 0.351389 0.326087 0.036111 0.028986
1 0.288889 0.326087 0.033333 0.028986
1 0.145833 0.326087 0.036111 0.028986
1 0.847222 0.387681 0.050000 0.031401
1 0.775000 0.387681 0.050000 0.031401
1 0.704167 0.385266 0.047222 0.026570
1 0.633333 0.387681 0.050000 0.031401
1 0.491667 0.387681 0.050000 0.031401
1 0.348611 0.386473 0.047222 0.028986
1 0.136111 0.387681 0.050000 0.031401
1 0.562500 0.388889 0.047222 0.024155
1 0.847222 0.450483 0.050000 0.031401
1 0.775000 0.450483 0.050000 0.031401
1 0.704167 0.450483 0.047222 0.031401
1 0.633333 0.450483 0.050000 0.031401
1 0.491667 0.450483 0.050000 0.031401
1 0.348611 0.450483 0.047222 0.031401
1 0.136111 0.450483 0.050000 0.031401
1 0.848611 0.513285 0.052778 0.031401
1 0.777778 0.513285 0.055556 0.031401
1 0.706944 0.513285 0.052778 0.031401
1 0.634722 0.513285 0.052778 0.031401
1 0.137500 0.513285 0.052778 0.031401
1 0.848611 0.574879 0.052778 0.028986
1 0.634722 0.574879 0.052778 0.028986
2 0.850000 0.763285 0.011111 0.019324
2 0.848611 0.797101 0.019444 0.024155
3 0.794444 0.776570 0.072222 0.065217
3 0.608333 0.776570 0.100000 0.065217
3 0.398611 0.771739 0.080556 0.055556
3 0.208333 0.776570 0.100000 0.065217
4 0.297222 0.172705 0.072222 0.026570