0 0.455556 0.855072 0.055556 0.028986
1 0.866667 0.291063 0.033333 0.021739
1 0.794444 0.291063 0.033333 0.021739
1 0.725000 0.291063 0.033333 0.021739
1 0.652778 0.291063 0.033333 0.021739
1 0.581944 0.291063 0.036111 0.021739
1 0.511111 0.291063 0.033333 0.021739
1 0.440278 0.291063 0.036111 0.021739
1 0.369444 0.291063 0.033333 0.021739
1 0.297222 0.291063 0.033333 0.021739
1 0.226389 0.291063 0.036111 0.021739
1 0.155556 0.291063 0.033333 0.021739
1 0.445833 0.356280 0.047222 0.026570
1 0.873611 0.356280 0.047222 0.021739
1 0.801389 0.356280 0.047222 0.021739
1 0.518056 0.356280 0.047222 0.021739
1 0.223611 0.356280 0.047222 0.021739
1 0.154167 0.356280 0.047222 0.021739
1 0.731944 0.357488 0.047222 0.019324
1 0.659722 0.357488 0.047222 0.019324
1 0.588889 0.357488 0.050000 0.019324
1 0.376389 0.357488 0.047222 0.019324
1 0.295833 0.357488 0.047222 0.019324
1 0.376389 0.417874 0.047222 0.024155
1 0.873611 0.419082 0.047222 0.021739
1 0.801389 0.419082 0.047222 0.021739
1 0.731944 0.419082 0.047222 0.021739
1 0.659722 0.419082 0.047222 0.021739
1 0.518056 0.419082 0.047222 0.021739
1 0.445833 0.419082 0.047222 0.021739
1 0.304167 0.419082 0.047222 0.021739
1 0.233333 0.419082 0.050000 0.021739
1 0.162500 0.419082 0.047222 0.021739
1 0.876389 0.479469 0.052778 0.026570
1 0.804167 0.479469 0.052778 0.026570
1 0.733333 0.479469 0.050000 0.026570
1 0.662500 0.479469 0.052778 0.026570
1 0.448611 0.479469 0.052778 0.026570
1 0.306944 0.479469 0.052778 0.026570
1 0.236111 0.479469 0.050000 0.026570
1 0.163889 0.479469 0.050000 0.026570
1 0.876389 0.542271 0.052778 0.026570
1 0.662500 0.543478 0.052778 0.028986
1 0.448611 0.543478 0.052778 0.028986
1 0.306944 0.542271 0.052778 0.026570
1 0.234722 0.542271 0.052778 0.026570
1 0.163889 0.542271 0.050000 0.026570
2 0.454167 0.780193 0.008333 0.024155
2 0.863889 0.817633 0.011111 0.016908
3 0.813889 0.775362 0.105556 0.062802
3 0.609722 0.775362 0.097222 0.062802
3 0.400000 0.771739 0.077778 0.055556
3 0.209722 0.775362 0.097222 0.062802