0 0.890278 0.853865 0.058333 0.031401
1 0.919444 0.353865 0.033333 0.021739
1 0.848611 0.353865 0.036111 0.021739
1 0.777778 0.353865 0.033333 0.021739
1 0.706944 0.353865 0.036111 0.021739
1 0.636111 0.353865 0.033333 0.021739
1 0.563889 0.353865 0.033333 0.021739
1 0.484722 0.353865 0.036111 0.021739
1 0.412500 0.353865 0.036111 0.021739
1 0.341667 0.353865 0.033333 0.021739
1 0.200000 0.353865 0.033333 0.021739
1 0.918056 0.419082 0.047222 0.021739
1 0.845833 0.419082 0.047222 0.021739
1 0.633333 0.419082 0.050000 0.021739
1 0.562500 0.419082 0.047222 0.021739
1 0.420833 0.419082 0.047222 0.021739
1 0.206944 0.419082 0.047222 0.021739
1 0.918056 0.481884 0.047222 0.021739
1 0.845833 0.481884 0.047222 0.021739
1 0.562500 0.481884 0.047222 0.021739
1 0.419444 0.481884 0.050000 0.021739
1 0.206944 0.481884 0.047222 0.021739
1 0.920833 0.543478 0.052778 0.028986
1 0.209722 0.543478 0.052778 0.028986
1 0.920833 0.606280 0.052778 0.028986
2 0.890278 0.707729 0.002778 0.014493
3 0.609722 0.775362 0.097222 0.062802
3 0.384722 0.771739 0.047222 0.055556
3 0.209722 0.775362 0.097222 0.062802
3 0.794444 0.777778 0.066667 0.057971