0 0.651389 0.855072 0.058333 0.028986
1 0.177778 0.259662 0.033333 0.021739
1 0.248611 0.259662 0.036111 0.021739
1 0.319444 0.259662 0.033333 0.021739
1 0.391667 0.259662 0.033333 0.021739
1 0.462500 0.259662 0.036111 0.021739
1 0.533333 0.259662 0.033333 0.021739
1 0.604167 0.259662 0.036111 0.021739
1 0.675000 0.259662 0.033333 0.021739
1 0.747222 0.259662 0.033333 0.021739
1 0.818056 0.259662 0.036111 0.021739
1 0.888889 0.259662 0.033333 0.021739
1 0.179167 0.326087 0.047222 0.024155
1 0.393056 0.326087 0.047222 0.024155
1 0.465278 0.326087 0.047222 0.024155
1 0.534722 0.326087 0.047222 0.024155
1 0.606944 0.326087 0.047222 0.024155
1 0.890278 0.326087 0.047222 0.024155
1 0.251389 0.327295 0.047222 0.021739
1 0.322222 0.327295 0.050000 0.021739
1 0.677778 0.327295 0.050000 0.021739
1 0.748611 0.327295 0.047222 0.021739
1 0.820833 0.327295 0.047222 0.021739
1 0.179167 0.387681 0.047222 0.021739
1 0.251389 0.387681 0.047222 0.021739
1 0.322222 0.387681 0.050000 0.021739
1 0.393056 0.387681 0.047222 0.021739
1 0.465278 0.387681 0.047222 0.021739
1 0.534722 0.387681 0.047222 0.021739
1 0.606944 0.387681 0.047222 0.021739
1 0.677778 0.387681 0.050000 0.021739
1 0.748611 0.387681 0.047222 0.021739
1 0.820833 0.387681 0.047222 0.021739
1 0.890278 0.387681 0.047222 0.021739
1 0.177778 0.448068 0.050000 0.026570
1 0.248611 0.448068 0.052778 0.026570
1 0.320833 0.448068 0.052778 0.026570
1 0.390278 0.448068 0.052778 0.026570
1 0.462500 0.448068 0.052778 0.026570
1 0.533333 0.448068 0.050000 0.026570
1 0.604167 0.448068 0.052778 0.026570
1 0.676389 0.448068 0.052778 0.026570
1 0.745833 0.448068 0.052778 0.026570
1 0.818056 0.448068 0.052778 0.026570
1 0.888889 0.448068 0.050000 0.026570
1 0.187500 0.512077 0.052778 0.028986
1 0.256944 0.512077 0.052778 0.028986
1 0.400000 0.513285 0.050000 0.031401
1 0.543056 0.513285 0.052778 0.031401
1 0.612500 0.512077 0.052778 0.028986
1 0.676389 0.510870 0.052778 0.026570
1 0.745833 0.510870 0.052778 0.026570
1 0.818056 0.510870 0.052778 0.026570
1 0.888889 0.510870 0.050000 0.026570
2 0.890278 0.689614 0.013889 0.026570
3 0.190278 0.776570 0.097222 0.060386
3 0.390278 0.776570 0.097222 0.060386
3 0.590278 0.776570 0.097222 0.060386
3 0.790278 0.776570 0.097222 0.060386