1 0.911111 0.385266 0.033333 0.021739
1 0.840278 0.385266 0.036111 0.021739
1 0.769444 0.385266 0.033333 0.021739
1 0.697222 0.385266 0.033333 0.021739
1 0.626389 0.385266 0.036111 0.021739
1 0.555556 0.385266 0.033333 0.021739
1 0.484722 0.385266 0.036111 0.021739
1 0.412500 0.385266 0.036111 0.021739
1 0.341667 0.385266 0.033333 0.021739
1 0.200000 0.385266 0.033333 0.021739
1 0.908333 0.450483 0.050000 0.021739
1 0.837500 0.450483 0.047222 0.021739
1 0.623611 0.450483 0.047222 0.021739
1 0.554167 0.450483 0.047222 0.021739
1 0.411111 0.450483 0.050000 0.021739
1 0.198611 0.450483 0.047222 0.021739
1 0.908333 0.513285 0.050000 0.021739
1 0.837500 0.513285 0.047222 0.021739
1 0.554167 0.513285 0.047222 0.021739
1 0.411111 0.513285 0.050000 0.021739
1 0.198611 0.513285 0.047222 0.021739
1 0.190278 0.574879 0.052778 0.028986
3 0.609722 0.775362 0.097222 0.062802
3 0.384722 0.771739 0.047222 0.055556
3 0.209722 0.775362 0.097222 0.062802
3 0.794444 0.777778 0.066667 0.057971