0 0.287500 0.846618 0.058333 0.045894
1 0.159722 0.259662 0.036111 0.021739
1 0.230556 0.259662 0.033333 0.021739
1 0.302778 0.259662 0.033333 0.021739
1 0.373611 0.259662 0.036111 0.021739
1 0.444444 0.259662 0.033333 0.021739
1 0.515278 0.259662 0.036111 0.021739
1 0.586111 0.259662 0.033333 0.021739
1 0.658333 0.259662 0.033333 0.021739
1 0.729167 0.259662 0.036111 0.021739
1 0.800000 0.259662 0.033333 0.021739
1 0.870833 0.259662 0.036111 0.021739
1 0.162500 0.326087 0.047222 0.024155
1 0.304167 0.326087 0.047222 0.024155
1 0.375000 0.326087 0.050000 0.024155
1 0.445833 0.326087 0.047222 0.024155
1 0.518056 0.326087 0.047222 0.024155
1 0.873611 0.326087 0.047222 0.024155
1 0.233333 0.327295 0.050000 0.021739
1 0.588889 0.327295 0.050000 0.021739
1 0.659722 0.327295 0.047222 0.021739
1 0.731944 0.327295 0.047222 0.021739
1 0.801389 0.327295 0.047222 0.021739
1 0.170833 0.387681 0.047222 0.021739
1 0.243056 0.387681 0.047222 0.021739
1 0.312500 0.387681 0.047222 0.021739
1 0.384722 0.387681 0.047222 0.021739
1 0.445833 0.387681 0.047222 0.021739
1 0.518056 0.387681 0.047222 0.021739
1 0.588889 0.387681 0.050000 0.021739
1 0.659722 0.387681 0.047222 0.021739
1 0.731944 0.387681 0.047222 0.021739
1 0.801389 0.387681 0.047222 0.021739
1 0.873611 0.387681 0.047222 0.021739
1 0.168056 0.450483 0.052778 0.031401
1 0.240278 0.450483 0.052778 0.031401
1 0.311111 0.450483 0.050000 0.031401
1 0.381944 0.450483 0.052778 0.031401
1 0.454167 0.450483 0.052778 0.031401
1 0.523611 0.450483 0.052778 0.031401
1 0.595833 0.450483 0.052778 0.031401
1 0.666667 0.450483 0.050000 0.031401
1 0.737500 0.450483 0.052778 0.031401
1 0.809722 0.450483 0.052778 0.031401
1 0.879167 0.450483 0.052778 0.031401
1 0.168056 0.513285 0.052778 0.031401
1 0.240278 0.512077 0.052778 0.028986
1 0.311111 0.512077 0.050000 0.028986
1 0.381944 0.512077 0.052778 0.028986
1 0.454167 0.513285 0.052778 0.031401
1 0.523611 0.513285 0.052778 0.031401
1 0.595833 0.513285 0.052778 0.031401
1 0.666667 0.513285 0.050000 0.031401
1 0.737500 0.512077 0.052778 0.028986
1 0.809722 0.512077 0.052778 0.028986
1 0.879167 0.513285 0.052778 0.031401
2 0.243056 0.626812 0.013889 0.026570
3 0.190278 0.776570 0.097222 0.060386
3 0.390278 0.776570 0.097222 0.060386
3 0.590278 0.776570 0.097222 0.060386
3 0.790278 0.776570 0.097222 0.060386
