0 0.455556 0.853865 0.055556 0.031401
1 0.884722 0.291063 0.036111 0.021739
1 0.813889 0.291063 0.033333 0.021739
1 0.741667 0.291063 0.033333 0.021739
1 0.672222 0.291063 0.033333 0.021739
1 0.600000 0.291063 0.033333 0.021739
1 0.529167 0.291063 0.036111 0.021739
1 0.458333 0.291063 0.033333 0.021739
1 0.386111 0.291063 0.033333 0.021739
1 0.315278 0.291063 0.036111 0.021739
1 0.244444 0.291063 0.033333 0.021739
1 0.172222 0.291063 0.033333 0.021739
1 0.455556 0.355072 0.050000 0.024155
1 0.668056 0.356280 0.047222 0.021739
1 0.598611 0.356280 0.047222 0.021739
1 0.526389 0.356280 0.047222 0.021739
1 0.384722 0.356280 0.047222 0.021739
1 0.312500 0.356280 0.047222 0.021739
1 0.881944 0.357488 0.047222 0.019324
1 0.811111 0.357488 0.050000 0.019324
1 0.740278 0.357488 0.047222 0.019324
1 0.243056 0.357488 0.047222 0.019324
1 0.170833 0.357488 0.047222 0.019324
1 0.455556 0.417874 0.050000 0.024155
1 0.881944 0.419082 0.047222 0.021739
1 0.811111 0.419082 0.050000 0.021739
1 0.740278 0.419082 0.047222 0.021739
1 0.668056 0.419082 0.047222 0.021739
1 0.526389 0.419082 0.047222 0.021739
1 0.384722 0.419082 0.047222 0.021739
1 0.312500 0.419082 0.047222 0.021739
1 0.243056 0.419082 0.047222 0.021739
1 0.170833 0.419082 0.047222 0.021739
1 0.884722 0.481884 0.052778 0.031401
1 0.812500 0.481884 0.052778 0.031401
1 0.741667 0.481884 0.050000 0.031401
1 0.670833 0.481884 0.052778 0.031401
1 0.456944 0.481884 0.052778 0.031401
1 0.315278 0.481884 0.052778 0.031401
1 0.244444 0.481884 0.050000 0.031401
1 0.173611 0.480676 0.052778 0.028986
1 0.884722 0.543478 0.052778 0.028986
1 0.670833 0.543478 0.052778 0.028986
1 0.456944 0.543478 0.052778 0.028986
1 0.315278 0.543478 0.052778 0.028986
1 0.244444 0.543478 0.050000 0.028986
1 0.173611 0.543478 0.052778 0.028986
2 0.669444 0.625604 0.011111 0.024155
2 0.455556 0.753623 0.005556 0.014493
3 0.809722 0.775362 0.097222 0.062802
3 0.609722 0.775362 0.097222 0.062802
3 0.400000 0.771739 0.077778 0.055556
3 0.209722 0.775362 0.097222 0.062802