0 0.388889 0.855072 0.055556 0.028986
1 0.177778 0.291063 0.033333 0.021739
1 0.250000 0.291063 0.033333 0.021739
1 0.319444 0.291063 0.033333 0.021739
1 0.391667 0.291063 0.033333 0.021739
1 0.462500 0.291063 0.036111 0.021739
1 0.533333 0.291063 0.033333 0.021739
1 0.604167 0.291063 0.036111 0.021739
1 0.675000 0.291063 0.033333 0.021739
1 0.747222 0.291063 0.033333 0.021739
1 0.818056 0.291063 0.036111 0.021739
1 0.897222 0.291063 0.033333 0.021739
1 0.465278 0.355072 0.047222 0.024155
1 0.534722 0.355072 0.047222 0.024155
1 0.820833 0.355072 0.047222 0.024155
1 0.251389 0.356280 0.047222 0.021739
1 0.393056 0.356280 0.047222 0.021739
1 0.606944 0.356280 0.047222 0.021739
1 0.748611 0.356280 0.047222 0.021739
1 0.890278 0.356280 0.047222 0.021739
1 0.179167 0.357488 0.047222 0.019324
1 0.322222 0.357488 0.050000 0.019324
1 0.679167 0.357488 0.047222 0.019324
1 0.534722 0.417874 0.047222 0.024155
1 0.679167 0.417874 0.047222 0.024155
1 0.179167 0.419082 0.047222 0.021739
1 0.251389 0.419082 0.047222 0.021739
1 0.322222 0.419082 0.050000 0.021739
1 0.393056 0.419082 0.047222 0.021739
1 0.606944 0.419082 0.047222 0.021739
1 0.748611 0.419082 0.047222 0.021739
1 0.820833 0.419082 0.047222 0.021739
1 0.890278 0.419082 0.047222 0.021739
1 0.177778 0.479469 0.050000 0.026570
1 0.248611 0.479469 0.052778 0.026570
1 0.320833 0.479469 0.052778 0.026570
1 0.390278 0.479469 0.052778 0.026570
1 0.533333 0.479469 0.050000 0.026570
1 0.604167 0.479469 0.052778 0.026570
1 0.747222 0.479469 0.050000 0.026570
1 0.818056 0.479469 0.052778 0.026570
1 0.888889 0.479469 0.050000 0.026570
1 0.177778 0.542271 0.050000 0.026570
1 0.390278 0.543478 0.052778 0.028986
1 0.533333 0.542271 0.050000 0.026570
1 0.604167 0.543478 0.052778 0.028986
1 0.745833 0.542271 0.052778 0.026570
1 0.818056 0.542271 0.052778 0.026570
1 0.888889 0.542271 0.050000 0.026570
2 0.393056 0.612319 0.002778 0.026570
3 0.190278 0.775362 0.097222 0.062802
3 0.390278 0.775362 0.097222 0.062802
3 0.590278 0.775362 0.097222 0.062802
3 0.790278 0.775362 0.097222 0.062802