0 0.708333 0.853865 0.061111 0.031401
1 0.079167 0.326087 0.036111 0.028986
1 0.151389 0.326087 0.036111 0.028986
1 0.222222 0.326087 0.033333 0.028986
1 0.293056 0.326087 0.036111 0.028986
1 0.365278 0.326087 0.036111 0.028986
1 0.434722 0.326087 0.036111 0.028986
1 0.506944 0.327295 0.036111 0.031401
1 0.577778 0.326087 0.033333 0.028986
1 0.648611 0.326087 0.036111 0.028986
1 0.719444 0.326087 0.033333 0.028986
1 0.790278 0.326087 0.036111 0.028986
1 0.081944 0.387681 0.047222 0.031401
1 0.152778 0.387681 0.050000 0.031401
1 0.225000 0.387681 0.050000 0.031401
1 0.295833 0.385266 0.047222 0.026570
1 0.366667 0.387681 0.050000 0.031401
1 0.437500 0.386473 0.047222 0.028986
1 0.580556 0.387681 0.050000 0.031401
1 0.793056 0.387681 0.047222 0.026570
1 0.651389 0.388889 0.047222 0.024155
1 0.091667 0.450483 0.050000 0.031401
1 0.162500 0.450483 0.047222 0.031401
1 0.233333 0.450483 0.050000 0.031401
1 0.304167 0.450483 0.047222 0.031401
1 0.437500 0.448068 0.047222 0.026570
1 0.580556 0.450483 0.050000 0.031401
1 0.651389 0.450483 0.047222 0.031401
1 0.793056 0.450483 0.047222 0.031401
1 0.088889 0.513285 0.055556 0.031401
1 0.159722 0.513285 0.052778 0.031401
1 0.231944 0.513285 0.052778 0.031401
1 0.301389 0.513285 0.052778 0.031401
1 0.656944 0.513285 0.052778 0.031401
1 0.800000 0.510870 0.055556 0.026570
1 0.088889 0.574879 0.055556 0.028986
1 0.301389 0.574879 0.052778 0.028986
1 0.656944 0.574879 0.052778 0.028986
1 0.800000 0.574879 0.050000 0.028986
2 0.708333 0.644928 0.005556 0.014493
2 0.580556 0.689614 0.011111 0.026570
3 0.191667 0.776570 0.100000 0.065217
3 0.391667 0.776570 0.100000 0.065217
3 0.601389 0.771739 0.080556 0.055556
3 0.791667 0.776570 0.100000 0.065217
