0 0.318056 0.853865 0.058333 0.031401
1 0.911111 0.326087 0.033333 0.028986
1 0.840278 0.326087 0.036111 0.028986
1 0.768056 0.326087 0.036111 0.028986
1 0.698611 0.326087 0.036111 0.028986
1 0.626389 0.326087 0.036111 0.028986
1 0.555556 0.327295 0.033333 0.031401
1 0.484722 0.326087 0.036111 0.028986
1 0.412500 0.326087 0.036111 0.028986
1 0.343056 0.326087 0.036111 0.028986
1 0.200000 0.326087 0.033333 0.028986
1 0.900000 0.387681 0.050000 0.031401
1 0.625000 0.386473 0.050000 0.028986
1 0.552778 0.387681 0.050000 0.031401
1 0.411111 0.386473 0.050000 0.028986
1 0.340278 0.387681 0.047222 0.031401
1 0.829167 0.387681 0.047222 0.026570
1 0.766667 0.386473 0.050000 0.024155
1 0.695833 0.388889 0.047222 0.028986
1 0.197222 0.386473 0.050000 0.024155
1 0.900000 0.450483 0.050000 0.031401
1 0.829167 0.450483 0.047222 0.031401
1 0.758333 0.450483 0.050000 0.031401
1 0.686111 0.450483 0.050000 0.031401
1 0.544444 0.450483 0.050000 0.031401
1 0.402778 0.450483 0.050000 0.031401
1 0.330556 0.450483 0.050000 0.031401
1 0.188889 0.450483 0.050000 0.031401
1 0.901389 0.513285 0.052778 0.031401
1 0.831944 0.513285 0.052778 0.031401
1 0.759722 0.513285 0.052778 0.031401
1 0.688889 0.513285 0.055556 0.031401
1 0.333333 0.513285 0.055556 0.031401
1 0.190278 0.513285 0.052778 0.031401
1 0.901389 0.574879 0.052778 0.028986
1 0.690278 0.574879 0.052778 0.028986
1 0.331944 0.574879 0.052778 0.028986
1 0.190278 0.574879 0.052778 0.028986
3 0.808333 0.776570 0.100000 0.065217
3 0.608333 0.776570 0.100000 0.065217
3 0.398611 0.771739 0.080556 0.055556
3 0.208333 0.776570 0.100000 0.065217