0 0.709722 0.853865 0.058333 0.031401
1 0.070833 0.291063 0.036111 0.021739
1 0.141667 0.291063 0.033333 0.021739
1 0.213889 0.291063 0.033333 0.021739
1 0.283333 0.291063 0.033333 0.021739
1 0.355556 0.291063 0.033333 0.021739
1 0.426389 0.291063 0.036111 0.021739
1 0.497222 0.291063 0.033333 0.021739
1 0.569444 0.291063 0.033333 0.021739
1 0.640278 0.291063 0.036111 0.021739
1 0.711111 0.291063 0.033333 0.021739
1 0.781944 0.291063 0.036111 0.021739
1 0.073611 0.356280 0.047222 0.021739
1 0.356944 0.356280 0.047222 0.021739
1 0.429167 0.356280 0.047222 0.021739
1 0.570833 0.356280 0.047222 0.021739
1 0.643056 0.356280 0.047222 0.021739
1 0.144444 0.357488 0.050000 0.019324
1 0.215278 0.357488 0.047222 0.019324
1 0.287500 0.357488 0.047222 0.019324
1 0.712500 0.357488 0.047222 0.019324
1 0.784722 0.357488 0.047222 0.019324
1 0.065278 0.417874 0.047222 0.024155
1 0.134722 0.417874 0.047222 0.024155
1 0.633333 0.417874 0.050000 0.024155
1 0.206944 0.419082 0.047222 0.021739
1 0.277778 0.419082 0.044444 0.021739
1 0.420833 0.419082 0.047222 0.021739
1 0.562500 0.419082 0.047222 0.021739
1 0.704167 0.419082 0.047222 0.021739
1 0.784722 0.419082 0.047222 0.021739
1 0.062500 0.481884 0.052778 0.031401
1 0.133333 0.481884 0.050000 0.031401
1 0.204167 0.481884 0.052778 0.031401
1 0.276389 0.481884 0.052778 0.031401
1 0.631944 0.481884 0.052778 0.031401
1 0.702778 0.481884 0.050000 0.031401
1 0.773611 0.481884 0.052778 0.031401
1 0.062500 0.543478 0.052778 0.028986
1 0.275000 0.543478 0.050000 0.028986
1 0.631944 0.543478 0.052778 0.028986
1 0.702778 0.543478 0.050000 0.028986
1 0.773611 0.543478 0.052778 0.028986
2 0.708333 0.582126 0.005556 0.014493
3 0.600000 0.769324 0.077778 0.060386
3 0.190278 0.775362 0.097222 0.062802
3 0.390278 0.775362 0.097222 0.062802
3 0.790278 0.775362 0.097222 0.062802