0 0.304167 0.853865 0.058333 0.031401
1 0.097222 0.353865 0.033333 0.021739
1 0.169444 0.353865 0.033333 0.021739
1 0.240278 0.353865 0.036111 0.021739
1 0.311111 0.353865 0.033333 0.021739
1 0.381944 0.353865 0.036111 0.021739
1 0.452778 0.353865 0.033333 0.021739
1 0.523611 0.353865 0.036111 0.021739
1 0.595833 0.353865 0.036111 0.021739
1 0.666667 0.353865 0.033333 0.021739
1 0.808333 0.353865 0.033333 0.021739
1 0.100000 0.419082 0.050000 0.021739
1 0.170833 0.419082 0.047222 0.021739
1 0.312500 0.419082 0.047222 0.021739
1 0.384722 0.419082 0.047222 0.021739
1 0.455556 0.419082 0.050000 0.021739
1 0.598611 0.419082 0.047222 0.021739
1 0.811111 0.419082 0.050000 0.021739
1 0.100000 0.481884 0.050000 0.021739
1 0.170833 0.481884 0.047222 0.021739
1 0.455556 0.481884 0.050000 0.021739
1 0.598611 0.481884 0.047222 0.021739
1 0.811111 0.481884 0.050000 0.021739
1 0.088889 0.542271 0.050000 0.026570
1 0.809722 0.543478 0.052778 0.028986
1 0.088889 0.603865 0.050000 0.024155
2 0.304167 0.504831 0.002778 0.014493
3 0.390278 0.776570 0.097222 0.065217
3 0.600000 0.771739 0.077778 0.055556
3 0.790278 0.775362 0.097222 0.062802
3 0.205556 0.777778 0.066667 0.057971
