0 0.712500 0.853865 0.058333 0.031401
1 0.848611 0.353865 0.036111 0.021739
1 0.777778 0.353865 0.033333 0.021739
1 0.697222 0.353865 0.033333 0.021739
1 0.626389 0.353865 0.036111 0.021739
1 0.555556 0.353865 0.033333 0.021739
1 0.484722 0.353865 0.036111 0.021739
1 0.412500 0.353865 0.036111 0.021739
1 0.341667 0.353865 0.033333 0.021739
1 0.270833 0.353865 0.036111 0.021739
1 0.129167 0.353865 0.036111 0.021739
1 0.845833 0.419082 0.047222 0.021739
1 0.776389 0.419082 0.047222 0.021739
1 0.704167 0.419082 0.047222 0.021739
1 0.633333 0.419082 0.050000 0.021739
1 0.562500 0.419082 0.047222 0.021739
1 0.490278 0.419082 0.047222 0.021739
1 0.348611 0.419082 0.047222 0.021739
1 0.134722 0.419082 0.047222 0.021739
1 0.845833 0.481884 0.047222 0.021739
1 0.776389 0.481884 0.047222 0.021739
1 0.633333 0.481884 0.050000 0.021739
1 0.490278 0.481884 0.047222 0.021739
1 0.348611 0.481884 0.047222 0.021739
1 0.136111 0.481884 0.050000 0.021739
1 0.848611 0.543478 0.052778 0.028986
1 0.634722 0.543478 0.052778 0.028986
1 0.137500 0.543478 0.052778 0.028986
1 0.848611 0.606280 0.052778 0.028986
1 0.634722 0.606280 0.052778 0.028986
2 0.704167 0.486715 0.002778 0.026570
3 0.794444 0.775362 0.066667 0.062802
3 0.609722 0.776570 0.097222 0.065217
3 0.400000 0.771739 0.077778 0.055556
3 0.209722 0.776570 0.097222 0.065217