0 0.304167 0.853865 0.058333 0.031401
1 0.195833 0.357488 0.036111 0.028986
1 0.266667 0.357488 0.033333 0.028986
1 0.337500 0.357488 0.036111 0.028986
1 0.409722 0.357488 0.036111 0.028986
1 0.479167 0.357488 0.036111 0.028986
1 0.551389 0.357488 0.036111 0.028986
1 0.622222 0.357488 0.033333 0.028986
1 0.693056 0.357488 0.036111 0.028986
1 0.773611 0.357488 0.036111 0.028986
1 0.915278 0.357488 0.036111 0.028986
1 0.197222 0.416667 0.050000 0.026570
1 0.269444 0.416667 0.050000 0.026570
1 0.340278 0.416667 0.047222 0.026570
1 0.411111 0.416667 0.050000 0.026570
1 0.481944 0.416667 0.047222 0.026570
1 0.552778 0.416667 0.050000 0.026570
1 0.695833 0.416667 0.047222 0.026570
1 0.908333 0.416667 0.050000 0.026570
1 0.197222 0.484300 0.050000 0.026570
1 0.269444 0.484300 0.050000 0.026570
1 0.340278 0.484300 0.047222 0.026570
1 0.411111 0.484300 0.050000 0.026570
1 0.552778 0.484300 0.050000 0.026570
1 0.695833 0.484300 0.047222 0.026570
1 0.908333 0.484300 0.050000 0.026570
1 0.195833 0.543478 0.052778 0.028986
1 0.337500 0.544686 0.052778 0.031401
1 0.409722 0.543478 0.052778 0.028986
1 0.906944 0.543478 0.052778 0.028986
1 0.195833 0.605072 0.052778 0.031401
1 0.409722 0.605072 0.052778 0.031401
2 0.411111 0.704106 0.011111 0.021739
2 0.150000 0.763285 0.011111 0.019324
2 0.151389 0.797101 0.019444 0.024155
2 0.926389 0.857488 0.013889 0.024155
3 0.206944 0.776570 0.069444 0.065217
3 0.391667 0.776570 0.100000 0.065217
3 0.601389 0.771739 0.080556 0.055556
3 0.791667 0.776570 0.100000 0.065217
