0 0.370833 0.853865 0.058333 0.031401
1 0.813889 0.259662 0.033333 0.021739
1 0.741667 0.259662 0.033333 0.021739
1 0.672222 0.259662 0.033333 0.021739
1 0.600000 0.259662 0.033333 0.021739
1 0.529167 0.259662 0.036111 0.021739
1 0.458333 0.259662 0.033333 0.021739
1 0.386111 0.259662 0.033333 0.021739
1 0.325000 0.259662 0.033333 0.021739
1 0.252778 0.259662 0.033333 0.021739
1 0.183333 0.259662 0.033333 0.021739
1 0.111111 0.259662 0.033333 0.021739
1 0.526389 0.326087 0.047222 0.024155
1 0.811111 0.326087 0.050000 0.019324
1 0.740278 0.326087 0.047222 0.019324
1 0.668056 0.326087 0.047222 0.019324
1 0.598611 0.327295 0.047222 0.021739
1 0.455556 0.328502 0.050000 0.024155
1 0.384722 0.327295 0.047222 0.021739
1 0.312500 0.326087 0.047222 0.019324
1 0.243056 0.326087 0.047222 0.019324
1 0.170833 0.326087 0.047222 0.019324
1 0.100000 0.328502 0.050000 0.024155
1 0.811111 0.386473 0.050000 0.024155
1 0.455556 0.386473 0.050000 0.024155
1 0.100000 0.386473 0.050000 0.024155
1 0.740278 0.387681 0.047222 0.021739
1 0.668056 0.387681 0.047222 0.021739
1 0.598611 0.387681 0.047222 0.021739
1 0.526389 0.387681 0.047222 0.021739
1 0.384722 0.387681 0.047222 0.021739
1 0.312500 0.387681 0.047222 0.021739
1 0.243056 0.387681 0.047222 0.021739
1 0.170833 0.387681 0.047222 0.021739
1 0.813889 0.450483 0.050000 0.031401
1 0.741667 0.450483 0.050000 0.031401
1 0.670833 0.450483 0.052778 0.031401
1 0.600000 0.450483 0.050000 0.031401
1 0.529167 0.450483 0.052778 0.031401
1 0.456944 0.450483 0.052778 0.031401
1 0.387500 0.450483 0.052778 0.031401
1 0.315278 0.450483 0.052778 0.031401
1 0.244444 0.450483 0.050000 0.031401
1 0.173611 0.450483 0.052778 0.031401
1 0.101389 0.450483 0.052778 0.031401
1 0.813889 0.512077 0.050000 0.028986
1 0.741667 0.512077 0.050000 0.028986
1 0.600000 0.512077 0.050000 0.028986
1 0.456944 0.512077 0.052778 0.028986
1 0.387500 0.512077 0.052778 0.028986
1 0.244444 0.512077 0.050000 0.028986
1 0.173611 0.512077 0.052778 0.028986
1 0.101389 0.512077 0.052778 0.028986
2 0.811111 0.580918 0.011111 0.026570
3 0.809722 0.775362 0.097222 0.062802
3 0.609722 0.775362 0.097222 0.062802
3 0.409722 0.775362 0.097222 0.062802
3 0.209722 0.775362 0.097222 0.062802