0 0.695833 0.853865 0.058333 0.031401
1 0.875000 0.353865 0.033333 0.021739
1 0.804167 0.353865 0.036111 0.021739
1 0.733333 0.353865 0.033333 0.021739
1 0.662500 0.353865 0.036111 0.021739
1 0.591667 0.353865 0.033333 0.021739
1 0.519444 0.353865 0.033333 0.021739
1 0.448611 0.353865 0.036111 0.021739
1 0.377778 0.353865 0.033333 0.021739
1 0.306944 0.353865 0.036111 0.021739
1 0.163889 0.353865 0.033333 0.021739
1 0.873611 0.419082 0.047222 0.021739
1 0.801389 0.419082 0.047222 0.021739
1 0.659722 0.419082 0.047222 0.021739
1 0.588889 0.419082 0.050000 0.021739
1 0.518056 0.419082 0.047222 0.021739
1 0.376389 0.419082 0.047222 0.021739
1 0.162500 0.419082 0.047222 0.021739
1 0.881944 0.481884 0.047222 0.021739
1 0.811111 0.481884 0.050000 0.021739
1 0.668056 0.481884 0.047222 0.021739
1 0.526389 0.481884 0.047222 0.021739
1 0.384722 0.481884 0.047222 0.021739
1 0.162500 0.481884 0.047222 0.021739
1 0.884722 0.543478 0.052778 0.028986
1 0.670833 0.543478 0.052778 0.028986
1 0.173611 0.543478 0.052778 0.028986
1 0.884722 0.606280 0.052778 0.028986
1 0.670833 0.606280 0.052778 0.028986
2 0.695833 0.659420 0.002778 0.014493
3 0.609722 0.776570 0.097222 0.065217
3 0.400000 0.771739 0.077778 0.055556
3 0.209722 0.776570 0.097222 0.065217
3 0.793056 0.777778 0.069444 0.057971