0 0.708333 0.853865 0.061111 0.031401
1 0.070833 0.326087 0.036111 0.028986
1 0.143056 0.326087 0.036111 0.028986
1 0.212500 0.326087 0.036111 0.028986
1 0.284722 0.326087 0.036111 0.028986
1 0.355556 0.326087 0.033333 0.028986
1 0.426389 0.326087 0.036111 0.028986
1 0.498611 0.327295 0.036111 0.031401
1 0.568056 0.326087 0.036111 0.028986
1 0.640278 0.326087 0.036111 0.028986
1 0.711111 0.326087 0.033333 0.028986
1 0.781944 0.326087 0.036111 0.028986
1 0.073611 0.387681 0.047222 0.031401
1 0.215278 0.387681 0.047222 0.031401
1 0.286111 0.386473 0.050000 0.028986
1 0.356944 0.387681 0.047222 0.031401
1 0.429167 0.387681 0.047222 0.031401
1 0.570833 0.387681 0.047222 0.031401
1 0.643056 0.386473 0.047222 0.028986
1 0.144444 0.386473 0.050000 0.024155
1 0.713889 0.388889 0.050000 0.028986
1 0.784722 0.386473 0.047222 0.024155
1 0.073611 0.450483 0.047222 0.031401
1 0.144444 0.450483 0.050000 0.031401
1 0.215278 0.450483 0.047222 0.031401
1 0.286111 0.450483 0.050000 0.031401
1 0.429167 0.450483 0.047222 0.031401
1 0.570833 0.450483 0.047222 0.031401
1 0.641667 0.450483 0.050000 0.031401
1 0.784722 0.450483 0.047222 0.031401
1 0.079167 0.513285 0.052778 0.031401
1 0.151389 0.513285 0.052778 0.031401
1 0.222222 0.513285 0.055556 0.031401
1 0.293056 0.513285 0.052778 0.031401
1 0.648611 0.513285 0.052778 0.031401
1 0.781944 0.513285 0.052778 0.031401
1 0.079167 0.574879 0.052778 0.028986
1 0.293056 0.574879 0.052778 0.028986
1 0.648611 0.574879 0.052778 0.028986
1 0.790278 0.574879 0.052778 0.028986
2 0.708333 0.737923 0.005556 0.016908
2 0.072222 0.859903 0.011111 0.019324
3 0.191667 0.776570 0.100000 0.065217
3 0.391667 0.776570 0.100000 0.065217
3 0.600000 0.771739 0.083333 0.055556
3 0.791667 0.776570 0.100000 0.065217
