0 0.455556 0.855072 0.055556 0.028986
1 0.893056 0.291063 0.036111 0.021739
1 0.822222 0.291063 0.033333 0.021739
1 0.751389 0.291063 0.036111 0.021739
1 0.680556 0.291063 0.033333 0.021739
1 0.608333 0.291063 0.033333 0.021739
1 0.537500 0.291063 0.036111 0.021739
1 0.466667 0.291063 0.033333 0.021739
1 0.395833 0.291063 0.036111 0.021739
1 0.325000 0.291063 0.033333 0.021739
1 0.244444 0.291063 0.033333 0.021739
1 0.172222 0.291063 0.033333 0.021739
1 0.534722 0.355072 0.047222 0.024155
1 0.465278 0.355072 0.047222 0.024155
1 0.179167 0.355072 0.047222 0.024155
1 0.890278 0.356280 0.047222 0.021739
1 0.748611 0.356280 0.047222 0.021739
1 0.606944 0.356280 0.047222 0.021739
1 0.393056 0.356280 0.047222 0.021739
1 0.820833 0.357488 0.047222 0.019324
1 0.677778 0.357488 0.050000 0.019324
1 0.320833 0.357488 0.047222 0.019324
1 0.251389 0.357488 0.047222 0.019324
1 0.534722 0.417874 0.047222 0.024155
1 0.465278 0.417874 0.047222 0.024155
1 0.179167 0.417874 0.047222 0.024155
1 0.890278 0.419082 0.047222 0.021739
1 0.820833 0.419082 0.047222 0.021739
1 0.748611 0.419082 0.047222 0.021739
1 0.677778 0.419082 0.050000 0.021739
1 0.393056 0.419082 0.047222 0.021739
1 0.320833 0.419082 0.047222 0.021739
1 0.251389 0.419082 0.047222 0.021739
1 0.893056 0.479469 0.052778 0.026570
1 0.822222 0.479469 0.050000 0.026570
1 0.751389 0.479469 0.052778 0.026570
1 0.679167 0.479469 0.052778 0.026570
1 0.466667 0.479469 0.050000 0.026570
1 0.323611 0.479469 0.052778 0.026570
1 0.252778 0.479469 0.050000 0.026570
1 0.181944 0.479469 0.052778 0.026570
1 0.893056 0.542271 0.052778 0.026570
1 0.680556 0.542271 0.050000 0.026570
1 0.323611 0.542271 0.052778 0.026570
1 0.252778 0.542271 0.050000 0.026570
1 0.181944 0.542271 0.052778 0.026570
3 0.809722 0.775362 0.097222 0.062802
3 0.609722 0.775362 0.097222 0.062802
3 0.400000 0.771739 0.077778 0.055556
3 0.209722 0.775362 0.097222 0.062802