0 0.695833 0.853865 0.058333 0.031401
1 0.902778 0.353865 0.033333 0.021739
1 0.830556 0.353865 0.033333 0.021739
1 0.759722 0.353865 0.036111 0.021739
1 0.688889 0.353865 0.033333 0.021739
1 0.618056 0.353865 0.036111 0.021739
1 0.547222 0.353865 0.033333 0.021739
1 0.476389 0.353865 0.036111 0.021739
1 0.404167 0.353865 0.036111 0.021739
1 0.333333 0.353865 0.033333 0.021739
1 0.191667 0.353865 0.033333 0.021739
1 0.900000 0.419082 0.050000 0.021739
1 0.829167 0.419082 0.047222 0.021739
1 0.687500 0.419082 0.047222 0.021739
1 0.615278 0.419082 0.047222 0.021739
1 0.544444 0.419082 0.050000 0.021739
1 0.401389 0.419082 0.047222 0.021739
1 0.188889 0.419082 0.050000 0.021739
1 0.900000 0.481884 0.050000 0.021739
1 0.829167 0.481884 0.047222 0.021739
1 0.544444 0.481884 0.050000 0.021739
1 0.401389 0.481884 0.047222 0.021739
1 0.188889 0.481884 0.050000 0.021739
1 0.911111 0.542271 0.050000 0.026570
1 0.190278 0.543478 0.052778 0.028986
1 0.911111 0.603865 0.050000 0.024155
2 0.695833 0.504831 0.002778 0.014493
3 0.609722 0.776570 0.097222 0.065217
3 0.400000 0.771739 0.077778 0.055556
3 0.209722 0.775362 0.097222 0.062802
3 0.794444 0.777778 0.066667 0.057971