0 0.304167 0.853865 0.058333 0.031401
1 0.125000 0.353865 0.033333 0.021739
1 0.195833 0.353865 0.036111 0.021739
1 0.266667 0.353865 0.033333 0.021739
1 0.337500 0.353865 0.036111 0.021739
1 0.408333 0.353865 0.033333 0.021739
1 0.480556 0.353865 0.033333 0.021739
1 0.551389 0.353865 0.036111 0.021739
1 0.622222 0.353865 0.033333 0.021739
1 0.693056 0.353865 0.036111 0.021739
1 0.836111 0.353865 0.033333 0.021739
1 0.126389 0.419082 0.047222 0.021739
1 0.198611 0.419082 0.047222 0.021739
1 0.340278 0.419082 0.047222 0.021739
1 0.411111 0.419082 0.050000 0.021739
1 0.481944 0.419082 0.047222 0.021739
1 0.623611 0.419082 0.047222 0.021739
1 0.837500 0.419082 0.047222 0.021739
1 0.118056 0.481884 0.047222 0.021739
1 0.188889 0.481884 0.050000 0.021739
1 0.331944 0.481884 0.047222 0.021739
1 0.473611 0.481884 0.047222 0.021739
1 0.615278 0.481884 0.047222 0.021739
1 0.837500 0.481884 0.047222 0.021739
1 0.115278 0.543478 0.052778 0.028986
1 0.329167 0.543478 0.052778 0.028986
1 0.826389 0.543478 0.052778 0.028986
1 0.115278 0.606280 0.052778 0.028986
1 0.329167 0.606280 0.052778 0.028986
2 0.304167 0.659420 0.002778 0.014493
3 0.390278 0.776570 0.097222 0.065217
3 0.600000 0.771739 0.077778 0.055556
3 0.790278 0.776570 0.097222 0.065217
3 0.206944 0.777778 0.069444 0.057971