0 0.580556 0.853865 0.061111 0.031401
1 0.151389 0.291063 0.036111 0.021739
1 0.222222 0.291063 0.033333 0.021739
1 0.294444 0.291063 0.033333 0.021739
1 0.363889 0.291063 0.033333 0.021739
1 0.436111 0.291063 0.033333 0.021739
1 0.506944 0.291063 0.036111 0.021739
1 0.577778 0.291063 0.033333 0.021739
1 0.650000 0.291063 0.033333 0.021739
1 0.719444 0.291063 0.033333 0.021739
1 0.791667 0.291063 0.033333 0.021739
1 0.862500 0.291063 0.036111 0.021739
1 0.579167 0.355072 0.047222 0.024155
1 0.154167 0.356280 0.047222 0.021739
1 0.437500 0.356280 0.047222 0.021739
1 0.509722 0.358696 0.047222 0.026570
1 0.865278 0.356280 0.047222 0.021739
1 0.223611 0.357488 0.047222 0.019324
1 0.295833 0.357488 0.047222 0.019324
1 0.366667 0.357488 0.050000 0.019324
1 0.651389 0.357488 0.047222 0.019324
1 0.723611 0.357488 0.047222 0.019324
1 0.793056 0.357488 0.047222 0.019324
1 0.366667 0.417874 0.050000 0.024155
1 0.509722 0.417874 0.047222 0.024155
1 0.579167 0.417874 0.047222 0.024155
1 0.154167 0.419082 0.047222 0.021739
1 0.223611 0.419082 0.047222 0.021739
1 0.295833 0.419082 0.047222 0.021739
1 0.651389 0.419082 0.047222 0.021739
1 0.723611 0.419082 0.047222 0.021739
1 0.793056 0.419082 0.047222 0.021739
1 0.865278 0.419082 0.047222 0.021739
1 0.151389 0.481884 0.052778 0.031401
1 0.222222 0.481884 0.050000 0.031401
1 0.293056 0.481884 0.052778 0.031401
1 0.363889 0.480676 0.050000 0.028986
1 0.577778 0.481884 0.050000 0.031401
1 0.720833 0.481884 0.052778 0.031401
1 0.791667 0.481884 0.050000 0.031401
1 0.862500 0.481884 0.052778 0.031401
1 0.141667 0.542271 0.050000 0.026570
1 0.355556 0.542271 0.050000 0.026570
1 0.568056 0.542271 0.052778 0.026570
1 0.711111 0.542271 0.050000 0.026570
1 0.791667 0.543478 0.050000 0.028986
1 0.862500 0.543478 0.052778 0.028986
2 0.509722 0.812802 0.013889 0.026570
3 0.190278 0.775362 0.097222 0.062802
3 0.390278 0.775362 0.097222 0.062802
3 0.590278 0.771739 0.097222 0.055556
3 0.790278 0.775362 0.097222 0.062802