0 0.291667 0.853865 0.061111 0.031401
1 0.177778 0.326087 0.033333 0.028986
1 0.248611 0.326087 0.036111 0.028986
1 0.320833 0.326087 0.036111 0.028986
1 0.390278 0.326087 0.036111 0.028986
1 0.462500 0.326087 0.036111 0.028986
1 0.533333 0.327295 0.033333 0.031401
1 0.604167 0.326087 0.036111 0.028986
1 0.676389 0.326087 0.036111 0.028986
1 0.745833 0.326087 0.036111 0.028986
1 0.888889 0.326087 0.033333 0.028986
1 0.330556 0.387681 0.050000 0.031401
1 0.402778 0.387681 0.050000 0.031401
1 0.473611 0.387681 0.047222 0.031401
1 0.544444 0.387681 0.050000 0.031401
1 0.686111 0.387681 0.050000 0.031401
1 0.900000 0.387681 0.050000 0.031401
1 0.188889 0.388889 0.050000 0.028986
1 0.259722 0.387681 0.047222 0.026570
1 0.188889 0.450483 0.050000 0.031401
1 0.259722 0.450483 0.047222 0.031401
1 0.330556 0.450483 0.050000 0.031401
1 0.402778 0.450483 0.050000 0.031401
1 0.544444 0.450483 0.050000 0.031401
1 0.687500 0.450483 0.047222 0.031401
1 0.900000 0.450483 0.050000 0.031401
1 0.187500 0.513285 0.052778 0.031401
1 0.256944 0.513285 0.052778 0.031401
1 0.329167 0.513285 0.052778 0.031401
1 0.400000 0.513285 0.055556 0.031401
1 0.898611 0.513285 0.052778 0.031401
1 0.187500 0.574879 0.052778 0.028986
1 0.398611 0.574879 0.052778 0.028986
2 0.259722 0.642512 0.002778 0.028986
2 0.150000 0.763285 0.011111 0.019324
2 0.151389 0.797101 0.019444 0.024155
2 0.291667 0.816425 0.005556 0.009662
3 0.206944 0.776570 0.069444 0.065217
3 0.391667 0.776570 0.100000 0.065217
3 0.601389 0.771739 0.080556 0.055556
3 0.791667 0.776570 0.100000 0.065217
4 0.337500 0.172705 0.069444 0.026570
