0 0.487500 0.853865 0.058333 0.031401
1 0.794444 0.259662 0.033333 0.021739
1 0.725000 0.259662 0.033333 0.021739
1 0.652778 0.259662 0.033333 0.021739
1 0.581944 0.259662 0.036111 0.021739
1 0.511111 0.259662 0.033333 0.021739
1 0.440278 0.259662 0.036111 0.021739
1 0.369444 0.259662 0.033333 0.021739
1 0.305556 0.259662 0.033333 0.021739
1 0.236111 0.259662 0.033333 0.021739
1 0.163889 0.259662 0.033333 0.021739
1 0.093056 0.259662 0.036111 0.021739
1 0.793056 0.326087 0.047222 0.019324
1 0.720833 0.326087 0.047222 0.019324
1 0.651389 0.327295 0.047222 0.021739
1 0.579167 0.328502 0.047222 0.024155
1 0.509722 0.328502 0.047222 0.024155
1 0.437500 0.327295 0.047222 0.021739
1 0.366667 0.328502 0.050000 0.024155
1 0.295833 0.326087 0.047222 0.019324
1 0.223611 0.327295 0.047222 0.021739
1 0.154167 0.326087 0.047222 0.019324
1 0.081944 0.327295 0.047222 0.021739
1 0.723611 0.386473 0.047222 0.024155
1 0.579167 0.386473 0.047222 0.024155
1 0.509722 0.386473 0.047222 0.024155
1 0.366667 0.386473 0.050000 0.024155
1 0.793056 0.387681 0.047222 0.021739
1 0.651389 0.387681 0.047222 0.021739
1 0.437500 0.387681 0.047222 0.021739
1 0.295833 0.387681 0.047222 0.021739
1 0.223611 0.387681 0.047222 0.021739
1 0.154167 0.387681 0.047222 0.021739
1 0.081944 0.387681 0.047222 0.021739
1 0.795833 0.450483 0.052778 0.031401
1 0.725000 0.450483 0.050000 0.031401
1 0.654167 0.450483 0.052778 0.031401
1 0.581944 0.450483 0.052778 0.031401
1 0.511111 0.450483 0.050000 0.031401
1 0.440278 0.450483 0.052778 0.031401
1 0.368056 0.450483 0.052778 0.031401
1 0.226389 0.450483 0.052778 0.031401
1 0.155556 0.450483 0.050000 0.031401
1 0.084722 0.450483 0.052778 0.031401
1 0.795833 0.512077 0.052778 0.028986
1 0.725000 0.512077 0.050000 0.028986
1 0.581944 0.512077 0.052778 0.028986
1 0.440278 0.512077 0.052778 0.028986
1 0.368056 0.512077 0.052778 0.028986
1 0.226389 0.512077 0.052778 0.028986
1 0.155556 0.512077 0.050000 0.028986
1 0.084722 0.512077 0.052778 0.028986
2 0.304167 0.892512 0.002778 0.026570
3 0.809722 0.775362 0.097222 0.062802
3 0.609722 0.775362 0.097222 0.062802
3 0.409722 0.775362 0.097222 0.062802
3 0.209722 0.775362 0.097222 0.062802