0 0.354167 0.853865 0.058333 0.031401
1 0.195833 0.291063 0.036111 0.021739
1 0.266667 0.291063 0.033333 0.021739
1 0.338889 0.291063 0.033333 0.021739
1 0.408333 0.291063 0.033333 0.021739
1 0.488889 0.291063 0.033333 0.021739
1 0.559722 0.291063 0.036111 0.021739
1 0.630556 0.291063 0.033333 0.021739
1 0.702778 0.291063 0.033333 0.021739
1 0.773611 0.291063 0.036111 0.021739
1 0.844444 0.291063 0.033333 0.021739
1 0.915278 0.291063 0.036111 0.021739
1 0.623611 0.355072 0.047222 0.024155
1 0.909722 0.355072 0.047222 0.024155
1 0.198611 0.356280 0.047222 0.021739
1 0.481944 0.356280 0.047222 0.021739
1 0.554167 0.356280 0.047222 0.021739
1 0.837500 0.356280 0.047222 0.021739
1 0.268056 0.357488 0.047222 0.019324
1 0.340278 0.357488 0.047222 0.019324
1 0.411111 0.357488 0.050000 0.019324
1 0.695833 0.357488 0.047222 0.019324
1 0.766667 0.357488 0.050000 0.019324
1 0.411111 0.417874 0.050000 0.024155
1 0.554167 0.417874 0.047222 0.024155
1 0.198611 0.419082 0.047222 0.021739
1 0.268056 0.419082 0.047222 0.021739
1 0.340278 0.419082 0.047222 0.021739
1 0.623611 0.419082 0.047222 0.021739
1 0.695833 0.419082 0.047222 0.021739
1 0.766667 0.419082 0.050000 0.021739
1 0.837500 0.419082 0.047222 0.021739
1 0.909722 0.419082 0.047222 0.021739
1 0.195833 0.479469 0.052778 0.026570
1 0.266667 0.479469 0.050000 0.026570
1 0.337500 0.479469 0.052778 0.026570
1 0.409722 0.479469 0.052778 0.026570
1 0.551389 0.479469 0.052778 0.026570
1 0.622222 0.479469 0.050000 0.026570
1 0.765278 0.479469 0.052778 0.026570
1 0.834722 0.479469 0.052778 0.026570
1 0.906944 0.479469 0.052778 0.026570
1 0.195833 0.542271 0.052778 0.026570
1 0.266667 0.542271 0.050000 0.026570
1 0.409722 0.542271 0.052778 0.026570
1 0.551389 0.543478 0.052778 0.028986
1 0.622222 0.542271 0.050000 0.026570
1 0.763889 0.542271 0.050000 0.026570
1 0.836111 0.542271 0.050000 0.026570
1 0.906944 0.542271 0.052778 0.026570
2 0.554167 0.667874 0.013889 0.016908
3 0.190278 0.775362 0.097222 0.062802
3 0.390278 0.775362 0.097222 0.062802
3 0.590278 0.775362 0.097222 0.062802
3 0.790278 0.775362 0.097222 0.062802