0 0.175000 0.853865 0.061111 0.031401
1 0.062500 0.353865 0.036111 0.021739
1 0.133333 0.353865 0.033333 0.021739
1 0.204167 0.353865 0.036111 0.021739
1 0.275000 0.353865 0.033333 0.021739
1 0.347222 0.353865 0.033333 0.021739
1 0.418056 0.353865 0.036111 0.021739
1 0.488889 0.353865 0.033333 0.021739
1 0.559722 0.353865 0.036111 0.021739
1 0.630556 0.353865 0.033333 0.021739
1 0.773611 0.353865 0.036111 0.021739
1 0.065278 0.419082 0.047222 0.021739
1 0.134722 0.419082 0.047222 0.021739
1 0.348611 0.419082 0.047222 0.021739
1 0.420833 0.419082 0.047222 0.021739
1 0.562500 0.419082 0.047222 0.021739
1 0.776389 0.419082 0.047222 0.021739
1 0.776389 0.481884 0.047222 0.021739
1 0.073611 0.513285 0.047222 0.021739
1 0.144444 0.513285 0.050000 0.021739
1 0.429167 0.513285 0.047222 0.021739
1 0.570833 0.513285 0.047222 0.021739
1 0.070833 0.573671 0.052778 0.026570
1 0.781944 0.573671 0.052778 0.026570
1 0.070833 0.634058 0.052778 0.026570
3 0.390278 0.775362 0.097222 0.062802
3 0.615278 0.771739 0.047222 0.055556
3 0.790278 0.775362 0.097222 0.062802
3 0.205556 0.777778 0.066667 0.057971