0 0.108333 0.853865 0.061111 0.031401
1 0.151389 0.326087 0.036111 0.028986
1 0.222222 0.326087 0.033333 0.028986
1 0.293056 0.326087 0.036111 0.028986
1 0.365278 0.326087 0.036111 0.028986
1 0.434722 0.326087 0.036111 0.028986
1 0.506944 0.327295 0.036111 0.031401
1 0.577778 0.326087 0.033333 0.028986
1 0.648611 0.326087 0.036111 0.028986
1 0.711111 0.326087 0.033333 0.028986
1 0.854167 0.326087 0.036111 0.028986
1 0.152778 0.387681 0.050000 0.031401
1 0.225000 0.387681 0.050000 0.031401
1 0.295833 0.385266 0.047222 0.026570
1 0.366667 0.387681 0.050000 0.031401
1 0.508333 0.387681 0.050000 0.031401
1 0.651389 0.386473 0.047222 0.028986
1 0.863889 0.387681 0.050000 0.031401
1 0.437500 0.388889 0.047222 0.024155
1 0.152778 0.450483 0.050000 0.031401
1 0.225000 0.450483 0.050000 0.031401
1 0.295833 0.450483 0.047222 0.031401
1 0.366667 0.450483 0.050000 0.031401
1 0.508333 0.450483 0.050000 0.031401
1 0.651389 0.450483 0.047222 0.031401
1 0.863889 0.450483 0.050000 0.031401
1 0.151389 0.513285 0.052778 0.031401
1 0.222222 0.513285 0.055556 0.031401
1 0.293056 0.513285 0.052778 0.031401
1 0.365278 0.513285 0.052778 0.031401
1 0.862500 0.513285 0.052778 0.031401
1 0.151389 0.574879 0.052778 0.028986
1 0.365278 0.574879 0.052778 0.028986
2 0.150000 0.763285 0.011111 0.019324
2 0.151389 0.797101 0.019444 0.024155
3 0.205556 0.776570 0.072222 0.065217
3 0.391667 0.776570 0.100000 0.065217
3 0.601389 0.771739 0.080556 0.055556
3 0.791667 0.776570 0.100000 0.065217
4 0.702778 0.172705 0.072222 0.026570