0 0.708333 0.853865 0.061111 0.031401
1 0.822222 0.326087 0.033333 0.028986
1 0.751389 0.326087 0.036111 0.028986
1 0.679167 0.326087 0.036111 0.028986
1 0.609722 0.326087 0.036111 0.028986
1 0.537500 0.326087 0.036111 0.028986
1 0.466667 0.327295 0.033333 0.031401
1 0.395833 0.326087 0.036111 0.028986
1 0.323611 0.326087 0.036111 0.028986
1 0.254167 0.326087 0.036111 0.028986
1 0.111111 0.326087 0.033333 0.028986
1 0.669444 0.387681 0.050000 0.031401
1 0.597222 0.387681 0.050000 0.031401
1 0.526389 0.387681 0.047222 0.031401
1 0.455556 0.387681 0.050000 0.031401
1 0.313889 0.387681 0.050000 0.031401
1 0.100000 0.387681 0.050000 0.031401
1 0.811111 0.388889 0.050000 0.028986
1 0.740278 0.387681 0.047222 0.026570
1 0.811111 0.450483 0.050000 0.031401
1 0.740278 0.450483 0.047222 0.031401
1 0.669444 0.450483 0.050000 0.031401
1 0.597222 0.450483 0.050000 0.031401
1 0.455556 0.450483 0.050000 0.031401
1 0.312500 0.450483 0.047222 0.031401
1 0.100000 0.450483 0.050000 0.031401
1 0.812500 0.513285 0.052778 0.031401
1 0.743056 0.513285 0.052778 0.031401
1 0.670833 0.513285 0.052778 0.031401
1 0.600000 0.513285 0.055556 0.031401
1 0.101389 0.513285 0.052778 0.031401
1 0.812500 0.574879 0.052778 0.028986
1 0.601389 0.574879 0.052778 0.028986
2 0.740278 0.642512 0.002778 0.028986
2 0.850000 0.763285 0.011111 0.019324
2 0.848611 0.797101 0.019444 0.024155
2 0.708333 0.816425 0.005556 0.009662
3 0.793056 0.776570 0.069444 0.065217
3 0.608333 0.776570 0.100000 0.065217
3 0.398611 0.771739 0.080556 0.055556
3 0.208333 0.776570 0.100000 0.065217
4 0.662500 0.172705 0.069444 0.026570