0 0.518056 0.853865 0.058333 0.031401
1 0.161111 0.291063 0.033333 0.021739
1 0.230556 0.291063 0.033333 0.021739
1 0.302778 0.291063 0.033333 0.021739
1 0.373611 0.291063 0.036111 0.021739
1 0.444444 0.291063 0.033333 0.021739
1 0.515278 0.291063 0.036111 0.021739
1 0.586111 0.291063 0.033333 0.021739
1 0.658333 0.291063 0.033333 0.021739
1 0.729167 0.291063 0.036111 0.021739
1 0.800000 0.291063 0.033333 0.021739
1 0.870833 0.291063 0.036111 0.021739
1 0.376389 0.355072 0.047222 0.024155
1 0.162500 0.356280 0.047222 0.021739
1 0.445833 0.356280 0.047222 0.021739
1 0.518056 0.356280 0.047222 0.021739
1 0.731944 0.356280 0.047222 0.021739
1 0.873611 0.356280 0.047222 0.021739
1 0.231944 0.357488 0.047222 0.019324
1 0.304167 0.357488 0.047222 0.019324
1 0.588889 0.357488 0.050000 0.019324
1 0.659722 0.357488 0.047222 0.019324
1 0.801389 0.357488 0.047222 0.019324
1 0.376389 0.417874 0.047222 0.024155
1 0.588889 0.417874 0.050000 0.024155
1 0.162500 0.419082 0.047222 0.021739
1 0.233333 0.419082 0.050000 0.021739
1 0.304167 0.419082 0.047222 0.021739
1 0.518056 0.419082 0.047222 0.021739
1 0.659722 0.419082 0.047222 0.021739
1 0.731944 0.419082 0.047222 0.021739
1 0.801389 0.419082 0.047222 0.021739
1 0.873611 0.419082 0.047222 0.021739
1 0.151389 0.481884 0.052778 0.031401
1 0.230556 0.479469 0.050000 0.026570
1 0.301389 0.479469 0.052778 0.026570
1 0.373611 0.479469 0.052778 0.026570
1 0.515278 0.479469 0.052778 0.026570
1 0.587500 0.479469 0.052778 0.026570
1 0.729167 0.479469 0.052778 0.026570
1 0.800000 0.479469 0.050000 0.026570
1 0.870833 0.479469 0.052778 0.026570
1 0.151389 0.543478 0.052778 0.028986
1 0.363889 0.543478 0.050000 0.028986
1 0.577778 0.543478 0.050000 0.028986
1 0.719444 0.543478 0.050000 0.028986
1 0.791667 0.543478 0.050000 0.028986
1 0.862500 0.543478 0.052778 0.028986
2 0.518056 0.816425 0.002778 0.014493
3 0.190278 0.770531 0.097222 0.072464
3 0.390278 0.775362 0.097222 0.062802
3 0.590278 0.771739 0.097222 0.055556
3 0.790278 0.775362 0.097222 0.062802
