0 0.681944 0.853865 0.058333 0.031401
1 0.106944 0.326087 0.036111 0.028986
1 0.177778 0.326087 0.033333 0.028986
1 0.240278 0.326087 0.036111 0.028986
1 0.311111 0.326087 0.033333 0.028986
1 0.381944 0.326087 0.036111 0.028986
1 0.454167 0.326087 0.036111 0.028986
1 0.523611 0.326087 0.036111 0.028986
1 0.595833 0.326087 0.036111 0.028986
1 0.666667 0.326087 0.033333 0.028986
1 0.808333 0.326087 0.033333 0.028986
1 0.108333 0.387681 0.050000 0.031401
1 0.251389 0.387681 0.047222 0.031401
1 0.393056 0.387681 0.047222 0.031401
1 0.463889 0.386473 0.050000 0.028986
1 0.819444 0.385266 0.050000 0.026570
1 0.180556 0.387681 0.050000 0.026570
1 0.322222 0.386473 0.050000 0.024155
1 0.606944 0.388889 0.047222 0.028986
1 0.677778 0.386473 0.050000 0.024155
1 0.108333 0.450483 0.050000 0.031401
1 0.180556 0.450483 0.050000 0.031401
1 0.251389 0.450483 0.047222 0.031401
1 0.322222 0.450483 0.050000 0.031401
1 0.463889 0.450483 0.050000 0.031401
1 0.606944 0.450483 0.047222 0.031401
1 0.677778 0.450483 0.050000 0.031401
1 0.819444 0.450483 0.050000 0.031401
1 0.106944 0.513285 0.052778 0.031401
1 0.177778 0.510870 0.055556 0.026570
1 0.248611 0.513285 0.052778 0.031401
1 0.320833 0.513285 0.052778 0.031401
1 0.676389 0.513285 0.052778 0.031401
1 0.818056 0.513285 0.052778 0.031401
1 0.106944 0.574879 0.052778 0.028986
1 0.320833 0.574879 0.052778 0.028986
1 0.818056 0.574879 0.052778 0.028986
2 0.463889 0.609903 0.011111 0.021739
2 0.150000 0.763285 0.011111 0.019324
2 0.151389 0.797101 0.019444 0.024155
3 0.205556 0.776570 0.072222 0.065217
3 0.391667 0.776570 0.100000 0.065217
3 0.600000 0.771739 0.083333 0.055556
3 0.791667 0.776570 0.100000 0.065217
